0,0,0,0.5
-175.4882122,2.5,14.21825631,0.5
-175.4882122,2.5,14.21825631,0.5
-175.4882122,2.5,14.21825631,0.5
-175.4894524,2.5,14.24750837,0.5
-175.4919306,2.5,14.30638555,0.5
-179.3150524,2.5,14.38797121,0.5
169.2251805,0,14.48978556,0.5
150.1376042,0,14.62078883,0.5
131.0683271,0,14.76219915,0.1
112.0140931,-2.5,14.8985395,0.4
108.2489012,-2.5,15.01417481,0.4
93.02586547,-2.5,15.12506732,0.4
77.80570166,-5,15.20687409,0.1
62.5843057,-5,15.25302205,0.1
58.81681266,-5,15.25979856,0.1
55.04745352,-5,15.25650436,0.1
51.27601017,-5,15.24326781,0.1
47.50227232,-5,15.2201521,0.1
43.72603838,-5,15.18727622,0.1
39.94711629,-5,15.14507669,0.1
36.16532436,-5,15.09405486,0.1
32.38049207,-5,15.0341836,0.1
28.59246088,-9,0,0.4
24.80108493,-9,0,0
9.547075913,-9,0,0
9.556917766,-9,0,0
9.566779743,-9,0,0
9.576661904,-2.5,14.5549756,0
9.586564311,-2.5,14.62969022,0
9.596487026,-2.5,14.70502756,0
9.60643011,-2.5,14.78086427,0
9.616393626,-2.5,14.85736805,0
9.626377636,-2.5,14.9346006,0
9.636382204,-2.5,15.01265645,0
9.64640739,-2.5,15.09145021,0
9.65645326,-2.5,15.17088615,0
9.666519877,-2.5,15.25090697,0
9.676607303,-2.5,15.33169251,0
9.686715604,-2.5,15.4133055,0
9.696844843,-2.5,15.49583236,0
9.706995085,-2.5,15.57911993,0
9.717166394,-2.5,15.66313061,0
9.727358836,-2.5,15.7478686,0
9.737572476,-2.5,15.83340574,0
9.74780738,-2.5,15.91961367,0
9.758063612,-2.5,16.00637091,0
9.76834124,-2.5,16.09404057,0
9.77864033,-2.5,16.18297875,0
9.788960948,-2.5,16.27320439,0
9.799303162,-2.5,16.36434051,0
9.809667037,-2.5,16.4562681,0
9.820052643,-2.5,16.54915548,0
9.830460046,-2.5,16.6430113,0
9.840889315,-2.5,16.73812525,0
9.851340518,-2.5,16.83428885,0
9.861813723,-2.5,16.93157889,0
9.872308999,-2.5,17.02971059,0
9.882826416,-2.5,17.12892571,0
9.893366043,-2.5,17.22933763,0
9.903927949,-2.5,17.33115413,0
9.914512205,-2.5,17.43418753,0
9.925118881,-2.5,17.53840913,0
9.935748047,-2.5,17.64178256,0
9.946399775,-2.5,17.74302519,0
9.957074135,-5,17.84192573,0
9.967771199,-5,17.93826561,0
9.978491039,-5,18.03181968,0
9.989233726,-5,18.12235722,0
9.999999334,-5,18.20964306,0
10.01078793,-5,18.29343885,0
10.0215996,-5,18.37350464,0
10.03243441,-5,18.44960046,0
10.04329242,-5,18.52148818,0
10.05417373,-5,18.5889335,0
10.06507839,-5,18.65170804,0
10.07600649,-5,18.70959152,0
10.08695811,-5,18.76237405,0
10.0979333,-5,18.80985841,0
10.10893216,-5,18.85186228,0
10.11995475,-5,18.88822042,0
10.13100116,-5,18.91878678,0
10.14207145,-5,18.94343631,0
10.15316571,-5,18.96206667,0
10.16428402,-5,18.97459962,0
10.17542644,-5,18.98098206,0
10.18659306,-5,18.98118683,0
10.19778396,-5,18.97521306,0
10.20899921,-5,18.96308617,0
10.2202389,-5,18.94485756,0
10.23150309,-5,18.92273856,0
10.24279188,-5,18.90482001,0
10.25410534,-5,18.88308214,0
10.26544356,-5,18.86292885,0
10.2768066,-5,18.84307405,0
10.28819456,-5,18.82301527,0
10.29960751,-5,18.80351305,0
10.31104553,-5,18.78277006,0
10.32250871,-5,18.76245669,0
10.33399713,-5,18.74404754,0
10.34551088,-5,18.72249304,0
10.35705003,-5,18.70327875,0
10.36861466,-5,18.68347846,0
10.38020487,-5,18.66409992,0
10.39182073,-5,18.64359325,0
10.40346233,-5,18.61765412,0
10.41512976,-5,18.58622012,0
10.4268231,-5,18.54941086,0
10.43854243,-5,18.50736379,0
10.45028784,-5,18.46023267,0
10.46205942,-5,18.4081857,0
10.47385725,0,18.55054535,0
10.48568142,0,18.77363225,0
10.49753202,0,19.00258442,0
10.50940914,0,19.23771773,0
10.52131286,0,19.47937415,0
10.53324327,0,19.7279248,0
10.54520046,0,19.98377323,0
10.55718452,0,20.2473594,-0.4
10.56919554,0,20.51916412,-0.4
25.86010814,0,20.79971426,0.4
41.16763847,2.5,21.07532878,-0.4
41.21092238,2.5,21.3246989,-0.4
56.53315564,2.5,21.58134207,-0.4
71.86696516,5,21.78859048,-0.1
87.20844464,5,21.92881236,-0.1
91.09396537,5,21.9886524,-0.1
94.97955077,5,22.02695768,-0.1
98.86489294,5,22.04353697,-0.1
102.7496853,5,22.03816297,-0.1
106.6336241,5,22.01087635,-0.1
110.5164105,5,21.9619845,-0.1
114.3977513,5,21.89204921,-0.1
118.2773614,5,21.80186461,-0.1
122.1549648,5,21.69242712,-0.1
126.0302959,-9,0,0.4
129.9031013,-9,0,0.4
118.4942659,5,21.26307025,-0.1
103.2730097,5,21.16069377,-0.1
103.3368016,5,21.13613961,-0.1
107.2202785,5,21.11165032,-0.1
111.102564,0,21.2032962,0.4
114.9833678,0,21.48194846,0.4
103.5835328,0,21.77760056,0.4
88.36825514,-2.5,22.05503069,0.4
73.15478311,-5,22.28497274,0.1
57.93855082,-5,22.44637018,0.1
54.17433389,-5,22.52342577,0.1
50.40775046,-5,22.57843882,0.1
46.63856923,-5,22.61024603,0.1
42.86656858,-5,22.61893385,0.1
39.09153747,-5,22.60394864,0.1
35.31327641,-5,22.5658691,0.1
31.53159829,0,22.87881614,0.4
27.74632927,0,23.22292696,0.4
12.49815375,0,23.58824893,-0.4
-2.766434724,0,23.99036656,-0.4
-2.769624558,0,24.40423377,-0.4
12.50605279,0,24.8378557,-0.4
27.79927142,0,25.30438992,0.4
43.10907095,2.5,25.77108119,-0.4
43.15442428,2.5,26.20395922,-0.4
58.47872885,2.5,26.65599657,-0.4
73.81425835,5,27.03477723,-0.1
89.1569808,5,27.29375677,-0.1
93.04317643,5,27.40437456,-0.1
96.92928136,5,27.47564883,-0.1
100.8149852,5,27.50628502,-0.1
104.6999796,5,27.49631517,-0.1
108.5839602,5,27.4453923,-0.1
112.466628,5,27.35451026,-0.1
116.3476909,5,27.22536337,-0.1
120.2268655,5,27.06024094,-0.1
124.1038783,5,26.86189559,-0.1
127.9784673,-9,0,0.4
131.8503829,-9,0,0.4
120.4405152,-9,0,0.4
105.2186548,5,25.92087881,-0.1
90.0035716,5,25.87814497,-0.1
90.06968125,5,25.97210681,-0.1
93.95550934,5,26.0670942,-0.1
97.84117472,5,26.12830823,-0.1
101.7263691,5,26.15472748,-0.1
105.6107869,5,26.14589997,-0.1
109.4941265,5,26.10196971,-0.1
113.3760921,5,26.02366831,-0.1
117.2563953,5,25.91227297,-0.1
121.1347565,-9,0,0.4
125.0109064,5,25.59805023,-0.1
113.6057126,5,25.3997533,-0.1
117.4857748,-5,25.48136168,0.1
121.3638832,-5,25.69758232,0.1
117.6003325,-5,25.94976357,0.1
113.8388769,-5,26.17470088,0.1
110.0792661,-5,26.37367493,0.1
106.3212431,-5,26.54497076,0.1
102.5645452,-5,26.68031483,0.1
98.80890506,-5,26.78138612,0.1
95.05405131,-5,26.84854372,0.1
91.29970996,-5,26.86843938,0.1
87.54560515,-5,26.8140605,0.1
83.79146019,-5,26.68679981,0.1
80.03699853,-5,26.49337966,0.1
76.28194475,-9,0,0.4
72.52602552,-9,0,0.4
57.30981469,2.5,25.71252844,-0.4
42.08626379,2.5,26.07348371,-0.4
42.13036079,2.5,26.54343,-0.4
57.4534075,2.5,27.03361657,-0.4
72.78782325,5,27.46028538,-0.1
88.12965714,5,27.77007511,-0.1
92.01525424,5,27.92917837,-0.1
95.90084299,5,28.04825634,-0.1
99.78611546,5,28.12507343,-0.1
103.6707655,5,28.15814317,-0.1
107.5544901,5,28.1468275,-0.1
111.4369915,5,28.09138024,-0.1
115.3179782,5,27.99292847,-0.1
119.1971669,5,27.85339453,-0.1
123.0742838,-9,0,0.4
126.9490661,5,27.4619752,-0.1
115.5423884,5,27.21665375,-0.1
119.4213259,5,27.08897517,-0.1
123.2981811,5,26.92574323,-0.1
127.1726925,5,26.72963508,-0.1
131.0446106,-9,0,0.4
134.9136996,-9,0,0.4
123.5008638,5,25.97487929,-0.1
108.2764971,5,25.79860487,-0.1
108.3385442,5,25.7565835,-0.1
112.2202654,5,25.71520533,-0.1
116.1004269,5,25.64087038,-0.1
119.9787497,5,25.53472517,-0.1
123.8549642,5,25.39836611,-0.1
127.7288119,5,25.23375915,-0.1
131.6000469,5,25.04314832,-0.1
135.4684366,-9,0,0.4
139.3337632,-9,0,0.4
127.9169498,-9,0,0.4
112.6893003,5,24.17293462,-0.1
97.47030644,5,24.11050954,-0.1
97.53464963,5,24.15961182,-0.1
101.4186924,5,24.20898557,-0.1
105.3019967,5,24.23039076,-0.1
109.1842666,5,24.22354566,-0.1
113.0652114,5,24.18857642,-0.1
116.9445475,5,24.1260104,-0.1
120.8219999,5,24.03674987,-0.1
124.6973034,5,23.92202911,-0.1
128.5702042,-9,0,0.4
132.4404609,-9,0,0.4
121.0289713,5,23.4408605,-0.1
105.8054124,5,23.3332773,-0.1
105.8675055,5,23.32682424,-0.1
109.749279,5,23.32036492,-0.1
113.6296929,5,23.28854302,-0.1
117.5084663,5,23.23179469,-0.1
121.385327,5,23.15087422,-0.1
125.2600127,5,23.04682084,-0.1
129.1322728,-9,0,0.4
133.0018689,-9,0,0.4
121.5897021,5,22.60989995,-0.1
106.3655263,5,22.51237069,-0.1
106.4271189,5,22.50686881,-0.1
110.3083911,5,22.50136188,-0.1
114.1882703,5,22.47276231,-0.1
118.0664782,5,22.42143223,-0.1
121.9427455,5,22.34800807,-0.1
125.816813,5,22.25337428,-0.1
129.6884328,-9,0,0.4
133.55737,-9,0,0.4
122.1445289,5,21.85371733,-0.1
106.9197356,5,21.76396313,-0.1
106.9808233,5,21.75865923,-0.1
110.8615898,5,21.75335076,-0.1
114.740931,5,21.7268473,-0.1
118.6185713,5,21.67945908,-0.1
122.4942441,5,21.61173622,-0.1
126.3676932,5,21.52444739,-0.1
130.2386739,-9,0,0.4
134.1069543,-9,0,0.4
122.693442,5,21.15579117,-0.1
107.4680314,5,21.0731901,-0.1
107.5286101,5,21.06859029,-0.1
111.4088671,5,21.06398672,-0.1
115.2876674,5,21.0397987,-0.1
119.1647383,5,20.99629168,-0.1
123.0398159,5,20.93394312,-0.1
126.912647,5,20.85342505,-0.1
130.78299,-9,0,0.4
134.6506162,-9,0,0.4
123.2364362,5,20.51075177,-0.1
108.0104088,5,20.42488606,-0.1
108.0704752,5,20.4026157,-0.1
111.9502193,5,20.37193432,-0.1
115.8284764,5,20.31532354,-0.1
119.7049765,5,20.23402954,-0.1
123.5794587,-9,0,0.4
127.4516727,-9,0,0.4
116.0425053,5,19.86101023,-0.1
100.8201786,5,19.75827643,-0.1
100.8819849,5,19.71405239,-0.1
104.7634842,5,19.66303441,-0.1
108.6440208,5,19.58952623,-0.1
112.5233123,-9,0,0.4
116.401083,-9,0,0.4
104.9981908,5,19.25008753,-0.1
89.77997424,5,19.15756438,-0.1
89.84277125,5,19.120189,-0.1
93.72528726,5,19.07680762,-0.1
97.60766633,5,19.01260133,-0.1
101.4896163,5,18.92876289,-0.1
105.3708473,-9,0,0.4
109.2510733,-9,0,0.4
97.85113901,5,18.57545012,-0.1
82.63439642,5,18.4776625,-0.1
82.69660743,5,18.43055697,-0.1
86.5785544,5,18.37857192,-0.1
90.46090259,5,18.30826787,-0.1
94.34336,5,18.22083303,-0.1
98.22563402,-9,0,0.4
102.107433,-9,0,0.4
90.70959345,5,17.87062367,-0.1
75.49342448,5,17.77287564,-0.1
75.55415219,5,17.72163221,-0.1
79.43463172,5,17.66641626,-0.1
83.31604359,5,17.59498844,-0.1
87.19810079,5,17.50845517,-0.1
91.08051287,-9,0,0.4
94.9629875,-9,0,0.4
83.56635746,5,17.17160408,-0.1
68.34985646,5,17.07717848,-0.1
68.40822076,5,17.02557657,-0.1
72.28635079,5,16.97068728,-0.1
76.16593052,5,16.90127959,-0.1
80.04668268,5,16.81834946,-0.1
83.92832382,-9,0,0.4
87.81056575,-9,0,0.4
76.41424255,5,16.50028159,-0.1
61.19650296,5,16.4110032,-0.1
61.25164537,5,16.36141287,-0.1
65.1265647,5,16.30903947,-0.1
69.00343064,5,16.2434853,-0.1
72.88198033,5,16.16563156,-0.1
76.76194203,-9,0,0.4
80.64303656,-9,0,0.4
69.24610419,5,15.86872411,-0.1
54.02622317,5,15.78548159,-0.1
54.07731176,5,15.73930299,-0.1
57.94818507,5,15.69071108,-0.1
61.8214749,5,15.6299927,-0.1
65.69693717,5,15.55792034,-0.1
69.5743165,-9,0,0.4
73.45334742,-9,0,0.4
62.05488127,5,15.28278258,-0.1
46.83196496,5,15.20590566,-0.1
46.87820016,5,15.1639143,-0.1
50.74422397,5,15.11978313,-0.1
54.61310065,5,15.06436127,-0.1
58.48460906,5,14.99832206,-0.1
62.3585145,-9,0,0.4
66.23456987,-9,0,0.4
54.83364228,5,14.74460945,-0.1
39.60681206,5,14.67411303,-0.1
39.64743366,5,14.63669814,-0.1
43.50784352,0,14.74039315,0.1
47.37150252,0,14.88368815,0.1
43.59877901,0,15.02942567,0.1
39.82314294,0,15.17761004,0.1
36.0443979,0,15.32763003,0.1
32.26235944,0,15.47879526,0.1
28.47685593,0,15.63033101,0.1
24.68772936,0,15.78137428,0
20.89483618,0,15.9309716,0
20.91776666,0,16.07807915,0
20.94074526,0,16.22706446,0
20.96377212,0,16.37794642,0
20.9868474,0,16.53074148,0
21.00997123,0,16.68546313,0
21.03314376,0,16.84212147,0
21.05636513,0,17.00072257,0
21.0796355,0,17.16126786,0
21.10295502,0,17.32375338,0
21.12632382,0,17.48816891,0
21.14974206,0,17.65449707,0
21.17320989,0,17.82271223,0
21.19672745,0,17.99277933,0
21.22029491,0,18.16465253,0
21.2439124,-2.5,18.33827374,0
21.26758009,-2.5,18.51357093,0
21.29129811,-2.5,18.69045628,0
21.31506663,-2.5,18.86882414,0
21.3388858,-2.5,19.04854877,0
21.36275577,-2.5,19.22948187,0
21.3866767,-2.5,19.4116412,0
21.41064874,-2.5,19.59730231,0
21.43467204,-2.5,19.78700952,0
21.45874677,-2.5,19.98083102,0
21.48287308,-2.5,20.17929934,0.4
21.50705112,-2.5,20.38216328,0.4
6.252406527,-2.5,20.59010488,0.4
-9.019261885,-5,20.74615274,0.4
-24.30852099,-5,20.83608933,0.4
-39.6146929,-5,20.8519003,0.4
-54.9358872,-5,20.79153606,0.4
-70.26912343,-9,0,-0.4
-85.61053853,-9,0,-0.4
-85.6767909,-9,0,-0.4
-70.46418032,-9,0,-0.4
-55.24795755,-5,19.84505601,0.4
-40.02373987,-5,19.72865847,0.4
-40.06655904,-5,19.67575072,0.4
-55.38832896,-5,19.6229967,0.4
-70.7220868,-9,0,-0.4
-86.06393154,-9,0,-0.4
-86.13049025,-9,0,-0.4
-70.9181849,-9,0,-0.4
-55.70238946,-5,18.78795133,0.4
-40.47869198,-5,18.68418706,0.4
-40.52208848,-5,18.63716075,0.4
-55.84443657,-5,18.59027309,0.4
-71.17871572,-9,0,-0.4
-86.52098702,-9,0,-0.4
-86.5878464,-9,0,-0.4
-71.37584055,-9,0,-0.4
-56.16046925,-5,17.84707321,0.4
-40.9372915,-5,17.75442303,0.4
-40.98126768,-5,17.71212535,0.4
-56.30419624,0,17.85219408,-0.1
-71.63899617,0,18.04270591,-0.1
-71.70281612,0,18.25154056,-0.1
-67.94696448,0,18.46543291,-0.1
-64.18961976,0,18.68212333,-0.1
-60.4305161,0,18.90044369,-0.1
-56.66939397,0,19.11901781,-0.1
-52.90600116,0,19.33624266,-0.1
-49.14009373,2.5,19.55027438,-0.1
-45.37143701,2.5,19.75902218,-0.1
-41.59980653,2.5,19.96015409,-0.1
-37.82498901,2.5,20.15111867,-0.4
-34.04678324,2.5,20.32918698,-0.4
-18.8058451,5,20.49151811,-0.4
-3.548838095,5,20.584476,-0.4
11.72583252,5,20.59678949,-0.4
27.01852548,-9,0,0.4
42.32832112,-9,0,0.4
42.37419581,-9,0,0.4
27.14127664,-9,0,0.4
11.89354061,5,19.83457158,0
-3.371249878,5,19.74147475,0
-3.375273317,5,19.70721255,0
-3.379306361,5,19.66597391,0
-3.383349042,5,19.61795826,0
-3.387401397,5,19.5633923,0
-3.391463459,5,19.50252658,0
-3.395535263,5,19.43563201,0
-3.399616845,5,19.36299613,0
-3.40370824,5,19.28491953,0
-3.407809483,5,19.20171224,0
-3.41192061,5,19.11369032,0
-3.416041656,5,19.02117269,0
-3.420172657,5,18.92447818,0
-3.42431365,-2.5,18.91088338,0
-3.42846467,-5,19.01242052,0
-3.432625754,-5,19.11512471,0
-3.436796939,-5,19.21902225,0
-3.440978262,-2.5,19.32490228,0
-3.445169758,-2.5,19.43209604,0
-3.449371467,-5,19.54059613,0
-3.453583424,-5,19.65043392,0
-3.457805667,-2.5,19.76164187,0
-3.462038235,-2.5,19.87356979,0
-3.466281164,-5,19.98710042,0
-3.470534494,-5,20.10214233,0.4
-3.474798261,-5,20.21868956,0.4
-18.75794704,-5,20.33678091,0.4
-34.05952554,-5,20.38734798,0.4
-49.37798214,-5,20.36607629,0.4
-64.71054393,-9,0,-0.4
-80.0534055,-9,0,-0.4
-80.12312611,-9,0,-0.4
-64.91400174,-9,0,-0.4
-49.69928193,-5,19.58152799,0.4
-34.47447484,-5,19.49872955,0.4
-34.51464413,-5,19.48019867,0.4
-49.83377004,-5,19.46081506,0.4
-65.16697362,-9,0,-0.4
-80.51040291,-9,0,-0.4
-80.58057575,-9,0,-0.4
-65.37190258,-5,18.87988126,0.4
-50.15774898,-5,18.74791988,0.4
-50.21245886,-5,18.66560302,0.4
-65.54613044,-5,18.57917772,0.4
-80.88995249,-9,0,-0.4
-96.23928867,-9,0,-0.4
-96.31021812,-9,0,-0.4
-81.10225361,-9,0,-0.4
-65.89387633,-9,0,-0.4
-50.68016793,-5,17.56275796,0.4
-35.45656752,-5,17.47367421,0.4
-35.49805595,-5,17.43424614,0.4
-50.81850334,-5,17.39477775,0.4
-66.15291765,-9,0,-0.4
-81.49735883,-9,0,-0.4
-81.56827068,5,17.19506052,-0.4
-66.36033403,5,17.2281321,-0.4
-51.14718767,5,17.21095966,-0.4
-35.92423227,-9,0,-0.4
-20.68752978,-9,0,0
-5.434077597,-9,0,0
-5.440901027,-9,0,0
-5.447741564,-5,16.75465146,0
-5.45459927,-5,16.8128139,0
-5.46147421,-5,16.87103183,0
-5.46836645,-5,16.93000126,0
-5.475276055,-5,16.98899921,0
-5.48220309,-5,17.04879048,0
-5.48914762,-5,17.10861938,0
-5.496109713,-5,17.16922593,0
-5.503089435,-5,17.22990951,0
-5.510086851,-5,17.29138644,0
-5.517102031,-5,17.35297135,0
-5.52413504,-5,17.41530463,0
-5.531185948,-5,17.47780086,0
-5.538254821,-5,17.54101463,0
-5.54534173,-5,17.60444952,0
-5.552446741,-5,17.6685523,0
-5.559569926,-5,17.73293372,0
-5.566711353,-5,17.79795532,0
-5.573871092,-5,17.86332737,0
-5.581049214,-5,17.92931409,0
-5.58824579,-5,17.9957077,0
-5.595460889,-5,18.06268859,0
-5.602694585,-5,18.13013616,0
-5.609946948,-5,18.19814161,0
-5.61721805,-5,18.26667711,0
-5.624507965,-5,18.33573891,0
-5.631816764,-5,18.40539797,0
-5.639144522,-5,18.47554941,0
-5.646491311,-5,18.54636946,0
-5.653857207,-5,18.61768088,0
-5.661242282,-5,18.6897265,0
-5.668646612,-5,18.7621922,0
-5.676070273,-5,18.83548765,0
-5.683513339,-5,18.90914552,0
-5.690975887,-5,18.98373485,0
-5.698457993,-5,19.0586066,0
-5.705959733,-5,19.13451258,0
-5.713481185,-5,19.21064506,0
-5.721022426,-5,19.28793133,0
-5.728583535,-5,19.36538973,0
-5.736164589,-5,19.44410736,0
-5.743765668,-5,19.52293861,0
-5.75138685,-5,19.60347276,0
-5.759028216,-5,19.6843986,0
-5.766689844,-5,19.76649032,0
-5.774371816,-5,19.84891375,0
-5.782074213,-5,19.93262439,0
-5.789797115,-5,20.0166018,0.4
-5.797540605,-5,20.1019964,0.4
-21.0841793,-5,20.18713243,0.4
-36.39073895,-5,20.20387792,0.4
-51.71532171,-5,20.1493974,0.4
-67.05472025,-9,0,-0.4
-82.4046375,-9,0,-0.4
-82.48112092,-9,0,-0.4
-67.27875677,-9,0,-0.4
-52.07110409,-5,19.27086171,0.4
-36.85318445,-5,19.16251388,0.4
-36.89958329,-5,19.11457297,0.4
-52.22495696,-5,19.06658361,0.4
-67.56509648,-9,0,-0.4
-82.9156508,-9,0,-0.4
-82.99262074,-9,0,-0.4
-67.79074156,-9,0,-0.4
-52.58372324,-5,18.28631938,0.4
-37.36654412,-5,18.18962224,0.4
-37.41373887,-5,18.14663323,0.4
-52.73991002,-5,18.10383065,0.4
-68.08079281,-9,0,-0.4
-83.43198202,-9,0,-0.4
-83.50943197,-9,0,-0.4
-68.30803121,-9,0,-0.4
-53.10164488,-5,17.40208367,0.4
-37.88520826,-5,17.31479248,0.4
-37.93320519,-5,17.27585759,0.4
-53.26018006,-5,17.23725333,0.4
-68.601808,-9,0,-0.4
-83.95362945,-9,0,-0.4
-84.03155238,0,17.1174467,-0.1
-68.83062294,0,17.3056726,-0.1
-65.08402163,0,17.48614949,-0.1
-61.33545478,0,17.66459286,-0.1
-57.58462005,2.5,17.83957308,-0.1
-53.83122296,2.5,18.00951886,-0.1
-50.07497807,2.5,18.17272828,-0.1
-46.31561002,2.5,18.32738889,-0.1
-42.55285464,2.5,18.47160817,-0.1
-38.78646007,2.5,18.60345544,-0.1
-35.0161878,5,18.72101491,-0.4
-31.24181378,5,18.82244867,-0.4
-16.00397352,5,18.90606672,0
-0.746940929,5,18.92496825,0
-0.747975119,5,18.87698421,0
-0.749012177,5,18.82355816,0
-0.750052115,5,18.76489509,0
-0.751094944,5,18.70384931,0
-0.752140676,5,18.6432187,0
-0.753189325,5,18.58400629,0
-0.754240901,5,18.52544224,0
-0.755295418,5,18.46671199,0
-0.756352887,5,18.40773675,0
-0.757413322,5,18.34930081,0
-0.758476734,5,18.29227954,0
-0.759543136,5,18.23563051,0
-0.76061254,5,18.17825314,0
-0.761684961,5,18.12091456,0
-0.762760409,5,18.06450262,0
-0.763838898,5,18.00933601,0
-0.764920442,5,17.95439819,0
-0.766005052,5,17.89877835,0
-0.767092742,5,17.84349245,0
-0.768183526,5,17.7894733,0
-0.769277416,5,17.73601004,0
-0.770374425,-5,17.81264793,0
-0.771474568,-5,17.90353399,0
-0.772577856,-5,17.99515388,0
-0.773684305,-2.5,18.08773696,0
-0.774793928,-2.5,18.18146986,0
-0.775906737,-2.5,18.27587435,0
-0.777022748,-2.5,18.3717791,0
-0.778141974,-5,18.46844817,0
-0.779264428,-5,18.5662738,0
-0.780390125,-5,18.66531648,0
-0.781519078,-5,18.76510802,0
-0.782651303,-5,18.86218928,0
-0.783786813,-5,18.95534005,0
-0.784925622,-5,19.04425503,0
-0.786067745,-5,19.12862765,0
-0.787213197,-5,19.20815268,0
-0.788361991,-5,19.28252918,0
-0.789514143,-5,19.35146353,0
-0.790669668,-5,19.41467272,0
-0.791828579,-5,19.47188774,0
-0.792990893,-5,19.52285701,0
-0.794156624,-5,19.56734973,0
-0.795325787,-5,19.60515919,0
-0.796498397,-5,19.63610577,0
-0.79767447,-5,19.66003971,0
-0.798854021,-5,19.67954169,0
-0.800037065,-5,19.69894999,0
-0.801223618,-5,19.71855031,0
-0.802413696,-5,19.7392524,0
-0.803607314,-5,19.75985641,0
-0.804804489,-5,19.7804999,0
-0.806005235,-5,19.80073006,0
-0.80720957,-5,19.8209784,0
-0.808417509,-5,19.84117,0
-0.809629068,-5,19.8609667,0
-0.810844263,-5,19.88090699,0
-0.812063112,-5,19.90080029,0
-0.813285631,-5,19.92082635,0
-0.814511835,-5,19.94081721,0
-0.815741743,-5,19.96155333,0
-0.81697537,-5,19.98280316,0
-0.818212734,-5,20.00403849,0.4
-0.819453851,-5,20.02454157,0.4
-16.09957328,-5,20.04484339,0.4
-31.40262129,-5,19.99572779,0.4
-46.72697579,-9,0,-0.4
-62.06946887,-9,0,-0.4
-62.14672266,-9,0,-0.4
-46.94521216,-9,0,-0.4
-31.73034164,-5,19.14586591,0.4
-16.49759395,-5,19.0425534,0
-16.52253705,-5,18.99882721,0
-16.54755357,-5,18.95522372,0
-16.57264383,-5,18.91196049,0
-16.59780815,-5,18.8688166,0
-16.62304685,-5,18.82649373,0
-16.64836025,-5,18.78477161,0
-16.67374867,-5,18.74320857,0
-16.69921243,-5,18.70121023,0
-16.72475186,-5,18.65909731,0
-16.75036728,-5,18.61726056,0
-16.77605904,-5,18.57590111,0
-16.80182745,-5,18.53487067,0
-16.82767285,-5,18.49398845,0
-16.85359558,-5,18.45299373,0
-16.87959597,-5,18.41210566,0
-16.90567436,-5,18.37137575,0
-16.93183109,-5,18.33089268,0
-16.95806651,-5,18.29051443,0
-16.98438096,-5,18.25043971,0
-17.01077479,-5,18.2114079,0
-17.03724834,-5,18.17246656,0
-17.06380196,-5,18.13361638,0
-17.09043601,-5,18.09419006,0
-17.11715084,-5,18.05495874,0
-17.14394681,-5,18.01597837,0
-17.17082428,-5,17.97747878,0
-17.1977836,-5,17.93916665,0
-17.22482514,-5,17.90091248,0
-17.25194927,-5,17.86251664,0
-17.27915635,-5,17.82430506,0
-17.30644674,-5,17.78600987,0
-17.33382083,-5,17.74436015,0
-17.36127898,-5,17.69850205,0
-17.38882157,-5,17.64857176,0
-17.41644897,-5,17.59471375,0
-17.44416157,-5,17.53707952,0
-17.47195975,-5,17.47582635,0
-17.49984389,-5,17.41111602,0
-17.52781437,-5,17.34311365,0
-17.55587159,-5,17.27198652,0
-17.58401594,-5,17.19790301,0
-17.6122478,-5,17.12103155,0
-17.64056758,-5,17.04153971,0
-17.66897566,-5,16.95959338,0
-17.69747246,-5,16.87535592,0
-17.72605837,-5,16.78898761,0
-17.7547338,-9,0,0
-17.78349915,-9,0,0
-17.81235484,-9,0,0
-17.84130127,-9,0,0
-17.87033886,-9,0,0
-17.89946802,-9,0,0
-17.92868917,-9,0,0
-17.95800274,-9,0,0
-17.98740915,-9,0,0
-18.01690882,-9,0,0
-18.04650218,-9,0,0
-18.07618967,-9,0,0
-18.10597172,-9,0,0
-18.13584876,-9,0,0
-18.16582123,-9,0,0
-18.19588958,-9,0,0
-18.22605425,-9,0,0
-18.25631568,-9,0,0
-18.28667433,-9,0,0
-18.31713065,-9,0,0
-18.34768508,-9,0,0
-18.3783381,-9,0,0
-18.40909015,-9,0,0
-18.43994171,-9,0,0
-18.47089324,-9,0,0
-18.5019452,-9,0,0
-18.53309807,-9,0,0
-18.56435232,-9,0,0
-18.59570843,-9,0,0
-18.62716688,-9,0,0
-18.65872816,-9,0,0
-18.69039274,-9,0,0
-18.72216111,-9,0,0
-18.75403378,-9,0,0
-18.78601122,-9,0,0
-18.81809395,-9,0,0
-18.85028245,-9,0,0
-18.88257724,-9,0,0
-18.91497882,-9,0,0
-18.94748771,-9,0,0
-18.9801044,-9,0,0
-19.01282942,-9,0,0
-19.0456633,-9,0,0
-19.07860654,-9,0,0
-19.11165968,-9,0,0
-19.14482324,-9,0,0
-19.17809776,-9,0,0
-19.21148377,-9,0,0
-19.24498182,-9,0,0
-19.27859243,-9,0,0
-19.31231616,-9,0,0
-19.34615356,-9,0,0
-19.38010518,-9,0,0
-19.41417157,-9,0,0
-19.44835329,0,14.05677348,0
-19.48265091,0,14.17870325,0
-19.51706498,0,14.30204981,0
-19.55159609,0,14.42683533,0
-19.5862448,0,14.55308176,0
-19.62101168,0,14.68081076,0
-19.65589733,0,14.81004359,0
-19.69090231,0,14.94080098,0
-19.72602723,0,15.07312223,0
-19.76127266,0,15.20737133,0
-19.79663921,0,15.34372699,0
-19.83212747,0,15.48225872,0
-19.86773805,0,15.62286745,0
-19.90347154,0,15.7655708,0
-19.93932857,0,15.9106576,0
-19.97530974,0,16.05820883,0
-20.01141567,0,16.20830964,0
-20.04764698,0,16.36104969,0
-20.0840043,0,16.51652343,0
-20.12048826,0,16.67514317,0
-20.15709948,0,16.83689602,0
-20.19383861,0,17.00171682,0
-20.23070629,0,17.1696353,0
-20.26770316,0,17.34042907,0
-20.30482987,0,17.51465031,0
-20.34208708,0,17.69243736,0
-20.37947544,0,17.87391661,0
-20.41699561,0,18.05922203,0
-20.45464827,0,18.24856661,0
-20.49243407,0,18.4423108,0
-20.5303537,0,18.64097683,0
-20.56840783,0,18.84429432,0
-20.60659715,0,19.05249733,0
-20.64492235,0,19.26524552,0
-20.68338411,0,19.4832262,0
-20.72198314,0,19.70681749,0
-20.76072012,0,19.93631747,0
-20.79959578,0,20.17205576,-0.4
-20.83861082,0,20.4143704,-0.4
-5.598891411,0,20.66363883,-0.4
9.669223953,0,20.94478219,-0.4
24.96665607,0,21.2391792,-0.4
40.29224829,2.5,21.52636981,-0.4
55.64280471,2.5,21.78415572,-0.4
71.01328552,5,21.99042206,-0.1
86.39715474,5,22.12627259,-0.1
90.32770291,5,22.17748933,-0.1
94.25846729,5,22.20575161,-0.1
98.18891078,5,22.2140383,-0.1
102.1184982,5,22.19982438,-0.1
106.0466994,5,22.16320259,-0.1
109.9729929,5,22.10280655,-0.1
113.8968682,5,22.02232146,-0.1
117.8178294,5,21.92277733,-0.1
121.7353979,5,21.80417832,-0.1
125.6491147,5,21.66737647,-0.1
129.5585435,-9,0,0.4
133.4632722,-9,0,0.4
122.0840411,5,21.15547653,-0.1
106.8983705,5,21.01288072,-0.1
107.0035667,5,20.93555669,-0.1
110.9283635,5,20.85006746,-0.1
114.8506441,5,20.73933548,-0.1
118.7699212,-9,0,0.4
122.6857251,-9,0,0.4
111.318732,5,20.28097931,-0.1
96.14179659,5,20.15144866,-0.1
96.25057301,5,20.08160567,-0.1
100.1790228,5,20.00503472,-0.1
104.1063648,5,19.9060864,-0.1
108.032081,5,19.78670783,-0.1
111.9556634,-9,0,0.4
115.8766164,-9,0,0.4
104.5155855,5,19.32873317,-0.1
89.34223908,5,19.19816475,-0.1
89.45124174,5,19.12048215,-0.1
93.37996702,5,19.03789623,-0.1
97.30849526,5,18.93673087,-0.1
101.2363012,-9,0,0.4
105.1628639,-9,0,0.4
93.80879532,5,18.53987175,-0.1
78.63854416,5,18.42789645,-0.1
78.74531445,5,18.36527636,-0.1
82.67188263,5,18.29826012,-0.1
86.59968205,5,18.21394606,-0.1
90.52819177,-9,0,0.4
94.45688663,-9,0,0.4
83.10636577,5,17.87172728,-0.1
67.93569255,5,17.77659642,-0.1
68.03677178,5,17.72818493,-0.1
71.95771367,5,17.67572723,-0.1
75.88127109,5,17.60689788,-0.1
79.80694865,5,17.52277008,-0.1
83.73423836,-9,0,0.4
87.66262262,-9,0,0.4
76.31270272,5,17.19176209,-0.1
61.14009823,5,17.09929741,-0.1
61.23597834,5,17.04994143,-0.1
65.15175356,5,16.99722286,-0.1
69.07098524,5,16.9307982,-0.1
72.9932039,5,16.85366625,-0.1
76.91792254,-9,0,0.4
80.84463932,-9,0,0.4
69.49396598,5,16.56605568,-0.1
54.3180802,5,16.49209111,-0.1
54.40749394,5,16.46275872,-0.1
58.3168265,5,16.43387445,-0.1
62.23041815,5,16.39384048,-0.1
66.14783285,5,16.34298579,-0.1
70.06861241,5,16.28162968,-0.1
73.99227891,5,16.21002588,-0.1
77.91833741,-9,0,0.4
81.84627876,-9,0,0.4
70.496708,5,15.94253806,-0.1
55.32225293,5,15.87378375,-0.1
55.41345104,5,15.84634141,-0.1
59.3245684,5,15.81929991,-0.1
63.23986578,5,15.78199508,-0.1
67.1588979,5,15.73450168,-0.1
71.08119775,5,15.6772707,-0.1
75.00627908,5,15.61064818,-0.1
78.93363919,-9,0,0.4
82.86276177,-9,0,0.4
71.51424541,5,15.36065282,-0.1
56.34118623,5,15.29658072,-0.1
56.43415385,5,15.27089979,-0.1
60.34704073,5,15.24534959,-0.1
64.26402284,5,15.21042557,-0.1
68.18464572,5,15.1659925,-0.1
72.10843362,5,15.1120875,-0.1
76.03489214,5,15.04946933,-0.1
79.96351095,-9,0,0.4
83.89376685,-9,0,0.4
72.54625221,5,14.81525205,-0.1
57.3745494,5,14.75500601,-0.1
57.46926707,5,14.73106381,-0.1
61.38390354,5,14.70709889,-0.1
65.30254463,5,14.67415557,-0.1
69.22472683,5,14.6324173,-0.1
73.14996579,5,14.58173766,-0.1
77.07775907,5,14.52115753,-0.1
81.007589,-9,0,0.4
84.93892566,-9,0,0.4
73.59235554,5,14.28625312,-0.1
58.42196484,5,14.22142284,-0.1
58.51840825,5,14.18825923,-0.1
62.43476952,5,14.15331229,-0.1
66.35503899,5,14.10825815,-0.1
70.27874418,5,14.05360758,-0.1
74.2053923,-9,0,0.4
78.13447312,-9,0,0.4
66.78658727,-9,0,0.4
51.61228908,-9,0,0.4
36.42271484,-9,0,0.4
21.21159241,-9,0,0
5.974081559,-5,14.00272711,0
5.986003826,-5,13.99175495,0
5.9979736,-5,13.98083117,0
6.009991164,5,13.98183465,0
6.022056803,5,14.04381821,0
6.034170806,5,14.10468725,0
6.046333463,5,14.1643817,0
6.058545067,5,14.22284061,0
6.070805913,5,14.28002511,0
6.083116297,5,14.33699573,0
6.09547652,5,14.39434465,0
6.107886883,5,14.45163467,0
6.120347692,5,14.50895853,0
6.132859253,5,14.5673544,0
6.145421876,5,14.6262474,0
6.158035872,5,14.68554501,0
6.170701557,5,14.74524935,0
6.183419247,5,14.805366,0
6.196189263,5,14.8659007,0
6.209011926,5,14.92683103,0
6.221887561,5,14.9873101,0
6.234816496,5,15.04884428,0
6.247799062,5,15.11110702,0
6.260835591,5,15.1738183,0
6.273926419,5,15.2369846,0
6.287071885,5,15.30061653,0
6.30027233,5,15.3647189,0
6.313528099,5,15.42929684,0
6.326839538,5,15.49393186,0
6.340206997,5,15.55859407,0
6.35363083,5,15.62463538,0
6.367111392,5,15.69118362,0
6.380649043,5,15.75709297,0
6.394244143,5,15.8210305,0
6.407897058,5,15.88289303,0
6.421608157,5,15.94257717,0
6.435377809,5,15.99997975,0
6.44920639,5,16.05499829,0
6.463094277,5,16.10753147,0
6.47704185,5,16.15747965,0
6.491049494,5,16.20474539,0
6.505117596,5,16.24923401,0
6.519246546,5,16.29085412,0
6.533436738,5,16.32951822,0
6.54768857,5,16.36514321,0
6.562002442,5,16.39765098,0
6.576378758,5,16.42696892,0
6.590817927,5,16.45303045,0
6.605320359,5,16.47577549,0
6.619886469,5,16.49515092,0
6.634516675,5,16.51111096,0
6.649211401,5,16.52361755,0
6.66397107,5,16.53264062,0
6.678796114,5,16.53815838,0
6.693686965,5,16.54015743,0
6.708644061,5,16.53863291,0
6.723667841,5,16.53358853,0
6.738758753,5,16.52503653,0
6.753917243,5,16.5129976,0
6.769143765,5,16.49750069,0
6.784438776,5,16.47858282,0
6.799802737,5,16.45628872,0
6.815236112,5,16.43067057,0
6.830739372,5,16.40178752,0
6.846312989,5,16.36970532,0
6.861957441,5,16.33449578,0
6.87767321,5,16.29810991,0
6.893460784,5,16.26274649,0
6.909320651,5,16.22586256,0
6.925253308,5,16.19030744,0
6.941259255,5,16.15496447,0
6.957338996,5,16.11854203,0
6.973493039,5,16.08381178,0
6.989721899,5,16.04849733,0
7.006026094,5,16.0125288,0
7.022406147,5,15.9785293,0
7.038862585,5,15.94335313,0
7.055395942,5,15.90783302,0
7.072006756,5,15.87442701,0
7.088695568,5,15.83944511,0
7.105462928,5,15.80462591,0
7.122309388,5,15.77155271,0
7.139235506,5,15.73678249,0
7.156241845,5,15.70205488,0
7.173328975,5,15.66648349,0
7.190497469,5,15.62837322,0
7.207747906,-5,15.60873733,0
7.225080872,-5,15.65793195,0
7.242496957,-5,15.70478163,0
7.259996756,-5,15.74920374,0
7.277580873,-5,15.79111792,0
7.295249914,-5,15.83044657,0
7.313004493,-5,15.86711524,0
7.330845228,-5,15.90105306,0
7.348772745,-5,15.93219319,0
7.366787676,-5,15.96047319,0
7.384890657,-5,15.98583545,0
7.403082333,-5,16.00822755,0
7.421363352,-5,16.02760261,0
7.439734371,-5,16.0439196,0
7.458196052,-5,16.05714363,0
7.476749064,-5,16.06724622,0
7.495394083,-5,16.07420545,0
7.514131791,-5,16.07800617,0
7.532962877,-5,16.07864007,0
7.551888036,-5,16.07610577,0
7.570907971,-5,16.0704088,0
7.590023391,-5,16.0615616,0
7.609235013,-5,16.04958338,0
7.628543561,-5,16.03450004,0
7.647949765,-5,16.01634391,0
7.667454364,-5,15.99515361,0
7.687058104,-5,15.9709737,0
7.706761738,-5,15.94385444,0
7.726566026,-5,15.9138514,0
7.746471737,-5,15.88102514,0
7.766479647,-5,15.84544078,0
7.786590541,-5,15.80716763,0
7.806805211,-5,15.76627876,0
7.827124456,-5,15.72285056,0
7.847549086,-5,15.67696234,0
7.868079917,-5,15.62869587,0
7.888717774,-5,15.57813497,0
7.909463491,-5,15.52536512,0
7.93031791,-5,15.470473,0
7.951281883,-5,15.41354617,0
7.972356268,-5,15.35467265,0
7.993541936,-5,15.29394061,0
8.014839763,-5,15.231438,0
8.036250638,-5,15.16725231,0
8.057775456,-5,15.10147022,0
8.079415123,-5,15.03417737,0
8.101170555,-5,14.96545817,0
8.123042677,-5,14.89539552,0
8.145032424,-5,14.82407068,0
8.16714074,-5,14.75156308,0
8.189368581,-5,14.67795021,0
8.211716912,-9,0,0
8.234186708,-9,0,0
8.256778955,-9,0,0
8.279494651,-9,0,0
8.302334801,-9,0,0
8.325300426,-9,0,0
8.348392553,-9,0,0
8.371612224,-9,0,0
8.39496049,-9,0,0
8.418438415,-9,0,0
8.442047074,-9,0,0
8.465787554,-9,0,0
8.489660953,-9,0,0
8.513668384,-9,0,0
8.537810968,-9,0,0
8.562089843,-9,0,0
8.586506157,-9,0,0
8.611061071,-9,0,0
8.635755759,-9,0,0
8.66059141,-9,0,0
8.685569223,-9,0,0
8.710690415,-9,0,0
8.735956212,-9,0,0
8.761367858,-9,0,0
8.786926608,-9,0,0
8.812633735,-9,0,0
8.838490522,-9,0,0
8.86449827,-9,0,0
8.890658294,-9,0,0
8.916971925,-9,0,0
8.943440508,-9,0,0
8.970065405,-9,0,0
8.996847992,-9,0,0
9.023789664,-9,0,0
9.050891829,-9,0,0
9.078155914,-9,0,0
9.105583361,-9,0,0
9.133175631,-9,0,0
9.160934202,-9,0,0
9.188860567,-9,0,0
9.216956239,-9,0,0
9.24522275,-9,0,0
9.273661649,-9,0,0
9.302274502,-9,0,0
9.331062896,-9,0,0
9.360028438,-9,0,0
9.389172753,-9,0,0
9.418497484,-9,0,0
9.448004299,-9,0,0
9.477694881,-9,0,0
9.507570937,-9,0,0
9.537634193,-9,0,0
9.567886399,-9,0,0
9.598329323,-9,0,0
9.628964759,-9,0,0
9.65979452,-9,0,0
9.690820442,-9,0,0
9.722044386,-9,0,0
9.753468235,-9,0,0
9.785093896,-9,0,0
9.816923299,-9,0,0
9.8489584,-9,0,0
9.881201179,-9,0,0
9.913653642,-9,0,0
9.94631782,-9,0,0
9.979195769,-9,0,0
10.01228957,-9,0,0
10.04560135,-9,0,0
10.07913322,-9,0,0
10.11288736,-9,0,0
10.14686597,-9,0,0
10.18107126,-9,0,0
10.21550549,-9,0,0
10.25017094,-9,0,0
10.28506991,-9,0,0
10.32020476,-9,0,0
10.35557784,-9,0,0
10.39119158,0,14.00981172,0
10.4270484,0,14.13278215,0
10.46315077,0,14.25725224,0
10.49950119,0,14.38324991,0
10.53610221,0,14.51080326,0
10.57295638,0,14.63994058,0
10.61006632,0,14.77069024,0
10.64743467,0,14.90308063,0
10.6850641,0,15.03714005,0
10.72295732,0,15.17289662,0
10.76111709,0,15.31037814,0
10.79954619,0,15.44961193,0
10.83824745,0,15.5906247,0
10.87722373,0,15.73344233,0
10.91647795,0,15.87808965,0
10.95601304,0,16.02459018,0
10.995832,0,16.17296588,0
11.03593785,0,16.32323679,0
11.07633367,0,16.47542063,0
11.11702257,0,16.62953243,0
11.15800771,0,16.78558402,0
11.1992923,0,16.94358347,0
11.24087958,2.5,17.10353446,0
11.28277286,2.5,17.26543561,0
11.32497547,2.5,17.42927965,0
11.36749081,2.5,17.59505251,0
11.41032233,2.5,17.76273236,0
11.45347351,2.5,17.93251619,0
11.49694789,2.5,18.10558009,0
11.54074908,2.5,18.2821607,0
11.58488071,2.5,18.46236491,0
11.62934649,2.5,18.64645383,0
11.67415017,2.5,18.83448991,0
11.71929557,2.5,19.02667512,0
11.76478655,2.5,19.22325381,0
11.81062704,2.5,19.42433463,0
11.85682102,2.5,19.63021244,0
11.90337253,2.5,19.84109375,0
11.95028568,2.5,20.05716392,-0.4
11.99756464,2.5,20.27883491,-0.4
27.32408818,2.5,20.50626323,-0.4
42.70855741,5,20.69032112,-0.1
58.14392376,5,20.81483013,-0.1
62.1600288,5,20.86811712,-0.1
66.18458302,5,20.90274069,-0.1
70.21656975,5,20.91820919,-0.1
74.25491685,5,20.9143438,-0.1
78.29850392,5,20.89129902,-0.1
82.3461703,5,20.84926344,-0.1
86.39672367,5,20.78866884,-0.1
90.44894914,5,20.71018724,-0.1
94.50161865,5,20.61466347,-0.1
98.55350067,5,20.50308642,-0.1
102.6033699,5,20.37655752,-0.1
106.6500167,-9,0,0.4
110.6922567,-9,0,0.4
99.45006523,5,19.91964974,-0.1
84.39981505,5,19.80124875,-0.1
84.63056775,5,19.7475498,-0.1
88.68121392,5,19.69417553,-0.1
92.73283613,5,19.62496538,-0.1
96.78420935,5,19.5406124,-0.1
100.8341105,5,19.44193248,-0.1
104.8813282,5,19.32984022,-0.1
108.9246717,-9,0,0.4
112.9629807,-9,0,0.4
101.7162588,5,18.92373769,-0.1
86.66310766,5,18.81824068,-0.1
86.89329528,5,18.77029247,-0.1
90.94330196,5,18.72256427,-0.1
94.99359919,5,18.6606647,-0.1
99.04297006,5,18.58514131,-0.1
103.090205,5,18.49668349,-0.1
107.1341109,5,18.3960681,-0.1
111.1735208,-9,0,0.4
115.2073023,-9,0,0.4
103.955491,5,18.03043398,-0.1
88.89880388,5,17.93506645,-0.1
89.12772251,5,17.89170493,-0.1
93.17638762,5,17.84854791,-0.1
97.22467507,5,17.79252891,-0.1
101.2713809,5,17.72265983,-0.1
105.3153134,5,17.63762094,-0.1
109.3553026,-9,0,0.4
113.3902088,-9,0,0.4
102.1400565,5,17.31892262,-0.1
87.0836186,5,17.23694019,-0.1
87.31089302,5,17.20357708,-0.1
91.35797078,5,17.17038575,-0.1
95.40521205,5,17.12511174,-0.1
99.45141873,5,17.0681654,-0.1
103.4954008,5,16.99998847,-0.1
107.5359855,5,16.921164,-0.1
111.5720262,-9,0,0.4
115.6024112,-9,0,0.4
104.3471968,5,16.62703538,-0.1
89.28719945,5,16.55150029,-0.1
89.5131146,5,16.52071324,-0.1
93.55876352,5,16.49003252,-0.1
97.60392798,5,16.44816298,-0.1
101.6474233,5,16.39545109,-0.1
105.6880776,5,16.33235221,-0.1
109.7247411,5,16.25927245,-0.1
113.7562945,-9,0,0.4
117.7816572,-9,0,0.4
106.5209204,5,15.98653606,-0.1
91.45681719,5,15.91626794,-0.1
91.68074068,5,15.88763352,-0.1
95.72433145,5,15.85911038,-0.1
99.76681317,5,15.82017481,-0.1
103.8070187,5,15.77113261,-0.1
107.8437984,5,15.71231763,-0.1
111.8760288,5,15.64421024,-0.1
115.9026211,-9,0,0.4
119.9225286,-9,0,0.4
108.6558797,5,15.39004431,-0.1
93.58718736,5,15.32441489,-0.1
93.80853576,5,15.29758893,-0.1
97.84948901,5,15.27092172,-0.1
101.8887368,5,15.23453593,-0.1
105.9251332,5,15.18861216,-0.1
109.9575541,5,15.1335631,-0.1
113.9849056,5,15.06990379,-0.1
118.006132,-9,0,0.4
122.0202227,-9,0,0.4
110.7473451,5,14.8381634,-0.1
95.67364693,-2.5,14.86364938,0.4
95.89189235,-2.5,14.94712342,0.4
80.8310918,-5,15.02974363,0.1
65.7687787,-5,15.07587362,0.1
62.14941114,-5,15.08104827,0.1
58.52429904,-5,15.07385495,0.1
54.89267244,-5,15.0543867,0.1
51.25377352,0,15.08142494,0.1
47.6068586,0,15.21172437,0.1
43.95120026,0,15.3481221,0.1
40.28608962,0,15.4904437,0.1
36.61083888,0,15.63847567,0.1
32.92478396,0,15.79195886,0.1
29.22728741,0,15.950581,0.1
25.51774149,0,16.11396838,0.1
21.79557144,0,16.28167677,0
18.06023897,0,16.45318152,0
18.13096455,0,16.62786707,0
18.20222743,0,16.806126,0
18.2740335,0,16.98810705,0
18.3463888,0,17.17396839,0
18.41929939,0,17.36387846,0
18.49277147,0,17.55801685,0
18.5668113,0,17.75657534,0
18.64142524,0,17.959759,0
18.71661973,0,18.16778741,0
18.79240131,0,18.38089612,0
18.86877662,0,18.5993382,0
18.94575239,0,18.82338597,0
19.02333545,0,19.05333306,0
19.10153272,0,19.28949665,0
19.18035123,0,19.53222,0
19.25979812,0,19.78187546,0
19.33988061,0,20.03886773,-0.4
19.42060605,0,20.30363774,-0.4
34.78085643,0,20.57666707,0.4
50.19983095,0,20.85508167,0.4
50.38903937,0,21.11711847,0.4
35.30041313,0,21.385219,0.4
20.1647453,0,21.68895821,-0.4
4.971647897,0,22.01101227,-0.4
4.993305965,0,22.32846734,-0.4
20.29402761,0,22.65653477,-0.4
35.66031849,0,23.01671773,0.4
51.08665247,0,23.38629603,0.4
51.28401167,0,23.73530258,0.4
36.20359228,0,24.09471054,0.4
21.07548836,0,24.50919281,-0.4
5.888787525,0,24.95849958,-0.4
5.915203419,0,25.41238275,-0.4
21.22073106,0,25.88885638,-0.4
36.59361388,0,26.41734512,0.4
52.02788106,0,26.96608876,0.4
52.23394294,2.5,27.48691669,-0.4
37.16228502,0,28.0288871,0.4
37.32120836,0,28.67650533,0.4
22.20242205,0,29.36976641,-0.4
7.023753565,0,30.16823654,-0.4
7.056329565,0,31.03754041,-0.4
22.36808213,0,31.99984074,-0.4
37.74924953,0,33.10214972,0.4
53.19329682,2.5,34.28106877,-0.4
53.40992415,2.5,35.3749277,-0.4
68.90664899,5,36.47841449,-0.1
84.43909584,5,37.20953118,-0.1
88.52943996,5,37.49411456,-0.1
92.62100423,5,37.65561371,-0.1
96.71231159,5,37.68604349,-0.1
100.8018871,5,37.58391886,-0.1
104.8882707,5,37.35443289,-0.1
108.9700289,5,37.00861517,-0.1
113.0457672,5,36.56142911,-0.1
117.1141408,5,36.03017466,-0.1
121.1738648,5,35.43228497,-0.1
125.2237237,5,34.78505433,-0.1
129.2625796,5,34.10429913,-0.1
133.2893789,-9,0,0.4
137.3031581,-9,0,0.4
126.024174,5,31.98648827,-0.1
110.9595983,5,31.48841468,-0.1
111.2066244,5,31.24852405,-0.1
115.2725454,5,31.01507277,-0.1
119.3306023,5,30.73023762,-0.1
123.3795802,5,30.40043182,-0.1
127.4183357,5,30.03185478,-0.1
131.4458035,-9,0,0.4
135.4610031,-9,0,0.4
124.184169,5,28.76210437,-0.1
109.1197797,5,28.4559373,-0.1
109.3643915,5,28.33022431,-0.1
113.4279901,5,28.2063038,-0.1
117.4844748,5,28.04120307,-0.1
121.5326321,5,27.83689592,-0.1
125.5713137,-9,0,0.4
129.5994442,-9,0,0.4
118.3371527,5,26.8722543,-0.1
103.2826812,5,26.58155318,-0.1
103.5305593,5,26.40259846,-0.1
107.5976411,5,26.1980309,-0.1
111.6595507,-9,0,0.4
115.7150229,-9,0,0.4
104.4839687,-9,0,0.4
89.44995037,5,25.05279841,-0.1
74.42396622,5,24.88849547,-0.1
74.66786724,5,24.82138167,-0.1
78.73205754,5,24.7319858,-0.1
82.80059634,5,24.59353679,-0.1
86.87216273,5,24.41119895,-0.1
90.94541112,-9,0,0.4
95.01898214,-9,0,0.4
83.81263926,-9,0,0.4
68.7861905,5,23.44800833,-0.1
53.7443934,5,23.31296576,-0.1
53.95000414,5,23.26193451,-0.1
57.97641329,5,23.1951508,-0.1
62.01338849,5,23.08944362,-0.1
66.05986491,5,22.94805145,-0.1
70.11470496,-9,0,0.4
74.1767058,-9,0,0.4
62.96573319,5,22.35232904,-0.1
47.91710006,5,22.18113471,-0.1
48.1095218,5,22.08300409,-0.1
52.12282846,5,21.97772229,-0.1
56.14838538,5,21.8531799,-0.1
60.18522332,5,21.71111284,-0.1
64.23228881,-9,0,0.4
68.28845018,-9,0,0.4
57.07363015,5,21.19520098,-0.1
42.01605447,5,21.0634212,-0.1
42.19312923,5,21.00699867,-0.1
46.19113828,5,20.95091646,-0.1
50.20304131,5,20.87644901,-0.1
54.22798087,5,20.7843993,-0.1
58.26500511,5,20.67574349,-0.1
62.31307217,-9,0,0.4
66.37105578,-9,0,0.4
55.15887749,5,20.26160071,-0.1
40.10185161,5,20.15925596,-0.1
40.27659671,5,20.12575304,-0.1
44.27232748,5,20.09240518,-0.1
48.28275253,5,20.04191529,-0.1
52.30703923,5,19.97484165,-0.1
56.34425501,5,19.89184302,-0.1
60.39337124,5,19.79373825,-0.1
64.45326831,-9,0,0.4
68.52274213,-9,0,0.4
57.32163736,5,19.41794961,-0.1
42.27678522,5,19.31930457,-0.1
42.46449267,5,19.27652308,-0.1
46.47327231,5,19.22761036,-0.1
50.49671583,5,19.15761006,-0.1
54.53391163,5,19.06783515,-0.1
58.5838462,-9,0,0.4
62.64540877,-9,0,0.4
51.43852284,5,18.69696152,-0.1
36.38242946,5,18.59363565,-0.1
36.55210746,5,18.5413402,-0.1
40.54287059,5,18.4841494,-0.1
44.54998859,5,18.40858448,-0.1
48.57268481,5,18.31592604,-0.1
52.61007141,-9,0,0.4
56.66115204,-9,0,0.4
45.4459513,5,17.95104871,-0.1
30.37590484,5,17.84861977,-0.1
30.52475063,5,17.7927748,-0.1
34.49463831,5,17.73299806,-0.1
38.48251255,5,17.65707301,-0.1
42.48775026,-9,0,0.4
46.50961004,-9,0,0.4
35.2683581,5,17.34491871,-0.1
20.16365466,5,17.2588955,0
20.2681482,5,17.21733631,0
20.37368416,5,17.17209283,0
20.48027749,5,17.12328322,0
20.5879434,5,17.07103171,0
20.69669741,5,17.0154677,0
20.80655528,5,16.95672479,0
20.9175331,5,16.89493987,0
21.02964723,5,16.83025224,0
21.14291434,5,16.76280273,0
21.25735141,5,16.69273291,0
21.37297574,5,16.62018436,0
21.48980493,5,16.54529794,0
21.60785694,5,16.46821317,0
21.72715004,5,16.38906764,0
21.84770287,5,16.30799655,0
21.96953439,5,16.22513221,0
22.09266394,-9,0,0
22.21711121,-9,0,0
22.34289629,-9,0,0
22.47003963,-9,0,0
22.59856208,-9,0,0
22.72848487,-9,0,0
22.85982968,-9,0,0
22.99261855,-9,0,0
23.12687401,-9,0,0
23.26261897,-9,0,0
23.39987681,-9,0,0
23.53867136,-5,15.27193167,0
23.67902692,-5,15.22182894,0
23.82096827,-5,15.1697263,0
23.96452065,-5,15.11585138,0
24.10970981,-5,15.0622607,0
24.25656203,-5,15.00886682,0
24.40510406,-5,14.95590623,0
24.55536321,-5,14.90318216,0
24.70736733,-5,14.85083664,0
24.86114482,-5,14.79876012,0
25.01672463,-5,14.7470193,0.1
25.1741363,-5,14.69543508,0.1
21.51369134,-5,14.64444044,0
17.83212629,-5,14.58488972,0
17.94821654,-5,14.51779169,0
18.0657775,-5,14.45164353,0
18.18483628,-5,14.38798338,0
18.30542065,-5,14.32484232,0
18.42755903,-5,14.26214276,0
18.55128052,-5,14.19990187,0
18.67661493,-5,14.13811408,0
18.80359278,-5,14.07679922,0
18.93224534,-5,14.01591694,0
19.06260463,-9,0,0
19.19470347,-9,0,0
19.32857548,-9,0,0
19.46425511,-9,0,0
19.60177766,-9,0,0
19.74117934,-9,0,0
19.88249722,-9,0,0
20.02576933,-9,0,0
20.17103468,-9,0,0
20.31833323,-9,0,0
20.46770599,-9,0,0
20.619195,-9,0,0
20.7728434,-9,0,0
20.92869543,-9,0,0
21.08679648,-9,0,0
21.24719313,-9,0,0
21.40993317,-9,0,0
21.57506565,-9,0,0
21.74264091,-9,0,0
21.91271062,-9,0,0
22.08532785,-9,0,0
22.26054705,-9,0,0
22.43842416,-9,0,0
22.61901659,-9,0,0
22.80238333,-9,0,0
22.98858497,-5,13.9956697,0
23.17768373,-5,14.03347646,0
23.36974354,-5,14.07212272,0
23.56483008,-5,14.11081405,0
23.76301082,-5,14.14931898,0
23.96435513,-5,14.18836473,0
24.16893426,-5,14.22704525,0
24.37682146,-5,14.26656931,0
24.58809201,-5,14.30549304,0
24.80282329,-5,14.34546788,0
25.02109487,-5,14.38465478,0.1
25.24298852,-5,14.4249254,0.1
21.64886969,-5,14.46454543,0
18.02599943,-5,14.49408801,0
18.19259063,-5,14.51249577,0
18.36218268,-5,14.52876346,0
18.53485434,-5,14.54286667,0
18.71068703,-5,14.55478408,0
18.88976495,-5,14.56449752,0
19.0721752,-5,14.57199212,0
19.25800785,-5,14.57725634,0
19.4473561,-5,14.58028204,0
19.64031642,-5,14.58106455,0
19.83698866,-5,14.57960265,0
20.03747619,-5,14.57589861,0
20.24188607,-5,14.56995815,0
20.45032917,-5,14.56179044,0
20.66292038,-5,14.55140805,0
20.87977872,-5,14.53882685,0
21.10102758,-5,14.52406596,0
21.32679484,-5,14.50714767,0
21.55721312,-5,14.48809729,0
21.79241995,-5,14.46694306,0
22.03255799,-5,14.44371597,0
22.27777525,-5,14.41844968,0
22.52822532,-5,14.39118031,0
22.78406763,-5,14.36194628,0
23.04546768,-5,14.33078819,0
23.31259731,-5,14.29774858,0
23.58563497,-5,14.26287178,0
23.86476604,-5,14.22620374,0
24.1501831,-5,14.18779182,0
24.44208624,-5,14.14768466,0
24.74068343,-5,14.10593194,0
25.04619079,-5,14.06258422,0.1
25.35883304,-5,14.01769281,0.1
21.85912514,-9,0,0
18.32100897,-9,0,0
18.56176999,-9,0,0
18.80871133,-9,0,0
19.06206452,-9,0,0
19.32207227,-9,0,0
19.5889891,-9,0,0
19.86308206,-9,0,0
20.1446314,-9,0,0
20.43393143,-9,0,0
20.73129129,-9,0,0
21.03703583,-9,0,0
21.35150658,-9,0,0
21.67506277,-9,0,0
22.00808233,-9,0,0
22.35096307,-9,0,0
22.70412391,-9,0,0
23.0680061,-9,0,0
23.44307467,-9,0,0
23.82981983,-9,0,0
24.2287585,-9,0,0
24.64043604,-9,0,0
25.06542787,-9,0,0.4
25.50434142,-9,0,0.4
10.67894346,-9,0,0
-4.401184415,-9,0,0
-4.485055531,-9,0,0
-4.572178404,-9,0,0
-4.662745456,-9,0,0
-4.756964559,-9,0,0
-4.855060617,-9,0,0
-4.957277338,-9,0,0
-5.063879242,-9,0,0
-5.175153917,-9,0,0
-5.29141459,-9,0,0
-5.413003034,-9,0,0
-5.540292888,-9,0,0
-5.673693449,-9,0,0
-5.81365401,-9,0,0
-5.960668852,-9,0,0
-6.115282994,-9,0,0
-6.278098852,-9,0,0
-6.449783962,-9,0,0
-6.631079981,-9,0,0
-6.822813217,-9,0,0
-7.025907,-9,0,0
-7.241396266,-9,0,0
103.9699766,-9,0,0.4
104.0393729,-9,0,0.4
88.82985254,-9,0,0.4
73.62245452,-9,0,0.4
58.4121947,-9,0,0.4
43.19428051,-9,0,0.4
27.96443382,-9,0,0.4
12.71918467,-9,0,0
-2.543882496,-9,0,0
-2.547073091,-9,0,0
-2.550271693,-9,0,0
-2.553478334,-9,0,0
-2.556693043,-9,0,0
-2.559915852,-9,0,0
-2.56314679,-9,0,0
-2.566385889,-9,0,0
-2.56963318,-9,0,0
-2.572888693,-9,0,0
-2.576152459,-9,0,0
-2.579424512,-9,0,0
-2.58270488,-9,0,0
-2.585993598,-9,0,0
-2.589290696,-9,0,0
-2.592596206,-9,0,0
-2.595910161,-9,0,0
-2.599232593,-9,0,0
-2.602563535,-9,0,0
-2.605903019,-9,0,0
-2.609251078,-9,0,0
-2.612607745,-9,0,0
-2.615973054,-9,0,0
-2.619347038,-9,0,0
-2.62272973,-9,0,0
-2.626121165,-9,0,0
-2.629521375,-9,0,0
-2.632930396,-9,0,0
-2.636348261,-2.5,13.98125638,0
-2.639775005,-2.5,14.05528354,0
-2.643210662,-2.5,14.12857135,0
-2.646655268,-2.5,14.20106001,0
-2.650108857,-2.5,14.27268779,0
-2.653571464,-2.5,14.34339106,0
-2.657043125,-2.5,14.41310434,0
-2.660523876,-5,14.48176042,0
-2.664013751,-5,14.54929038,0
-2.667512787,-5,14.61562374,0
-2.671021021,-5,14.68068859,0
-2.674538487,-5,14.74441167,0
-2.678065224,-5,14.80671861,0
-2.681601266,-5,14.86753402,0
-2.685146652,-5,14.92678175,0
-2.688701419,-5,14.98438508,0
-2.692265603,-5,15.04026693,0
-2.695839242,-5,15.09435014,0
-2.699422374,-5,15.14655771,0
-2.703015036,-5,15.19681309,0
-2.706617267,-5,15.24504051,0
-2.710229104,-5,15.29116523,0
-2.713850587,-5,15.33511392,0
-2.717481754,-5,15.37681495,0
-2.721122644,-5,15.41619875,0
-2.724773295,-5,15.45319815,0
-2.728433748,-5,15.48774873,0
-2.732104041,-5,15.51978913,0
-2.735784215,-5,15.54926144,0
-2.739474309,-5,15.57611149,0
-2.743174363,-5,15.60028917,0
-2.746884418,-5,15.62174872,0
-2.750604514,-5,15.64044904,0
-2.754334693,-5,15.65635392,0
-2.758074995,-5,15.66943227,0
-2.761825461,-5,15.67965833,0
-2.765586133,-5,15.68701183,0
-2.769357052,-5,15.69147812,0
-2.773138261,-5,15.69304829,0
-2.776929801,-5,15.69171919,0
-2.780731715,-5,15.68749347,0
-2.784544046,-5,15.68037959,0
-2.788366836,-5,15.67039172,0
-2.792200129,-5,15.65754966,0
-2.796043967,-5,15.64187873,0
-2.799898395,-5,15.62340956,0
-2.803763455,-5,15.60217797,0
-2.807639193,-5,15.57822466,0
-2.811525652,-5,15.55159499,0
-2.815422877,-5,15.52233873,0
-2.819330912,-5,15.49050973,0
-2.823249803,-5,15.45616561,0
-2.827179595,-5,15.41936744,0
-2.831120334,-5,15.3801794,0
-2.835072064,-5,15.33866846,0
-2.839034833,-5,15.29490398,0
-2.843008686,0,15.39378779,0
-2.84699367,0,15.5433739,0
-2.850989832,0,15.69556651,0
-2.854997219,0,15.8504806,0
-2.859015878,0,16.00820866,0
-2.863045857,0,16.16881496,0
-2.867087203,0,16.33245361,0
-2.871139965,0,16.4992365,0
-2.875204191,0,16.66926865,0
-2.87927993,0,16.84272203,0
-2.883367231,0,17.01968945,0
-2.887466143,0,17.20034687,0
-2.891576715,0,17.38487798,0
-2.895698997,0,17.57343155,0
-2.89983304,0,17.76616442,0
-2.903978893,0,17.96325564,0
-2.908136608,0,18.16495296,0
-2.912306235,0,18.37141868,0
-2.916487825,0,18.58292729,0
-2.920681431,0,18.79966288,0
-2.924887103,0,19.02191275,0
-2.929104894,0,19.25000291,0
-2.933334856,0,19.48425742,0
-2.937577043,0,19.72496592,0
-2.941831507,0,19.97259487,0
-2.946098301,0,20.22744908,-0.4
-2.950377479,0,20.4900581,-0.4
12.32420544,2.5,20.76086277,-0.4
27.62090204,2.5,21.01071871,-0.4
42.93853787,5,21.21912565,-0.1
58.27442673,5,21.36772685,-0.1
62.16538925,5,21.44266587,-0.1
66.05922689,5,21.49781416,-0.1
69.9555965,5,21.53276484,-0.1
73.85414097,5,21.54733149,-0.1
77.75449116,5,21.54122671,-0.1
81.65626783,5,21.51443857,-0.1
85.55908378,5,21.46732228,-0.1
89.46254597,5,21.40033176,-0.1
93.3662577,5,21.31415502,-0.1
97.26982089,5,21.20973851,-0.1
101.1728383,5,21.08859634,-0.1
105.0749157,-9,0,0.4
108.9756643,-9,0,0.4
97.59582796,5,20.63588043,-0.1
82.40007903,5,20.52226297,-0.1
82.48321984,5,20.4801832,-0.1
86.38611115,5,20.4373468,-0.1
90.2895642,5,20.36986871,-0.1
94.1931823,5,20.27805368,-0.1
98.09656785,-9,0,0.4
101.9993245,-9,0,0.4
90.62218501,5,19.87754425,-0.1
75.42715259,5,19.77048092,-0.1
75.50833198,5,19.72833381,-0.1
79.4092895,5,19.68645771,-0.1
83.3115094,5,19.62871262,-0.1
87.21460196,5,19.55563086,-0.1
91.11817255,5,19.46718545,-0.1
95.02182385,5,19.36457588,-0.1
98.92515808,-9,0,0.4
102.8277792,-9,0,0.4
91.45042084,5,18.98423768,-0.1
76.25540749,5,18.88721994,-0.1
76.33692165,5,18.86403436,-0.1
80.23821087,5,18.98449004,-0.1
84.14068067,5,19.09272117,-0.1
88.04393994,5,19.18791498,-0.1
91.94759313,5,19.26933877,-0.1
95.85124247,5,19.33624947,-0.1
99.75449021,5,19.38802076,-0.1
103.6569409,5,19.4240745,-0.1
107.5582035,5,19.44412177,-0.1
111.4578936,5,19.44786931,-0.1
115.3556358,5,19.43529387,-0.1
119.2510654,5,19.40652668,-0.1
123.1438303,0,19.63408627,0.1
127.0335934,0,19.87580361,0.1
123.2805964,0,20.12912289,0.4
119.5306954,0,20.38550145,0.4
104.324434,-2.5,20.64345807,0.4
89.12639023,-2.5,20.87250808,0.4
73.93093218,-5,21.05327633,0.1
58.73225651,-5,21.1681124,0.1
54.9839291,-5,21.20725004,0.1
51.23267213,-5,21.22697381,0.1
47.47818985,-5,21.22691135,0.1
43.72019788,-5,21.20746643,0.1
39.95842433,-5,21.16863787,0.1
36.19261095,-5,21.10999512,0.1
32.4225143,-5,21.03175677,0.1
28.64790684,0,21.28150555,0.4
24.86857805,0,21.58509342,-0.4
9.625179633,0,21.90236324,-0.4
9.639305103,0,22.22752431,-0.4
24.93234624,0,22.56558601,-0.4
40.2469334,0,22.92150374,0.4
55.58060454,2.5,23.27030749,-0.4
55.65062766,2.5,23.58449209,-0.4
70.99964248,2.5,23.91064607,-0.4
86.35888254,5,24.17258923,-0.1
101.7225898,5,24.34477102,-0.1
105.6255147,5,24.40935247,-0.1
109.5270386,5,24.44578719,-0.1
113.4267764,5,24.45323664,-0.1
117.324353,5,24.43183898,-0.1
121.2194051,5,24.38115931,-0.1
125.1115835,5,24.30244901,-0.1
129.0005548,5,24.19684707,-0.1
132.886003,2.5,24.06996317,-0.4
136.7676311,2.5,24.32188749,-0.4
152.1043183,5,24.55572733,0.5
167.4226307,5,24.69000635,0.5
167.4409599,5,24.70862684,0.5
152.1803621,5,24.72404504,0.5
133.1209443,0,24.9233965,0.4
114.0835609,-2.5,25.388527,0.4
98.88119978,-2.5,25.82427834,0.4
83.68511057,-5,26.19813901,0.1
68.48953086,0,26.54636724,0.4
64.74782044,0,27.10586844,0.4
49.54482878,-2.5,27.69402341,0.4
34.32985597,-2.5,28.25456864,0.4
19.0984,-5,28.7390135,0.4
3.847074572,-5,29.09231432,0.4
-11.42614247,-5,29.27103722,0.4
-26.72174578,-5,29.24687237,0.4
-42.03864136,-9,0,-0.4
-57.37419901,-9,0,-0.4
-57.44554733,-9,0,-0.4
-42.23813473,-9,0,-0.4
-27.01631495,-5,27.32783591,0.4
-11.77604576,-5,27.15469636,0.4
-11.79341592,-5,27.13936341,0.4
-27.08971122,-2.5,27.47467022,0.4
-42.40745224,-2.5,27.89353467,0.4
-57.74394911,-5,28.18756349,0.4
-73.09513749,-5,28.31895869,0.4
-88.45586303,-5,28.27197049,0.4
-103.8202575,-5,28.0493286,0.4
-119.1821765,-9,0,-0.4
-134.5356623,-9,0,-0.4
-134.5965143,-9,0,-0.4
-119.3783646,-9,0,-0.4
-104.1737483,-5,25.78847017,0.4
-88.97746655,-5,25.50280369,0.4
-89.06264123,-5,25.3394915,0.4
-104.4266946,-5,25.17928412,0.4
-119.7880424,-9,0,-0.4
-135.1407689,-9,0,-0.4
-135.2007294,-9,0,-0.4
-119.9816893,-9,0,-0.4
-104.7763139,-5,23.49628094,0.4
-89.57945584,-5,23.27698982,0.4
-89.66427605,-5,23.15108123,0.4
-105.0279723,-9,0,-0.4
-120.3887374,-9,0,-0.4
-120.461824,-9,0,-0.4
-105.2559266,-9,0,-0.4
-90.05870017,-5,22.09190752,0.4
-74.86445584,-5,21.98153015,0.4
-74.94618177,-5,21.9568424,0.4
-90.30684499,-5,21.93215747,0.4
-105.6704128,-9,0,-0.4
-121.0308012,-9,0,-0.4
-121.1032907,-9,0,-0.4
-105.8967953,-9,0,-0.4
-90.69918657,-5,21.00415958,0.4
-75.50480143,-5,20.90709721,0.4
-75.58663763,-5,20.88586411,0.4
-90.9474085,-5,20.8646351,0.4
-106.3108271,-9,0,-0.4
-121.6708204,-9,0,-0.4
-121.7426982,-9,0,-0.4
-106.5355901,-9,0,-0.4
-91.33758106,-5,20.03908985,0.4
-76.14303462,-5,19.95218128,0.4
-76.2249596,-5,19.93314991,0.4
-91.58581659,-5,19.91382302,0.4
-106.9490655,-9,0,-0.4
-122.3086458,-9,0,-0.4
-122.3798979,-5,19.63906589,0.4
-107.1721633,-5,19.59962928,0.4
-107.2526107,-5,19.62682063,0.4
-122.6118626,-5,19.65372992,0.4
-137.9615759,-5,19.61404767,0.4
-153.2967031,-9,0,-0.4
-168.613278,-9,0,-0.4
-168.6298179,-9,0,-0.4
-153.3674359,-9,0,-0.4
-138.1260126,-5,18.82230631,0.4
-122.9028445,-5,18.72884423,0.4
-122.9728582,-5,18.69350296,0.4
-138.3216356,-5,18.65832346,0.4
-153.6558561,-9,0,-0.4
-168.9716185,-9,0,-0.4
-168.9874974,-9,0,-0.4
-153.7244566,-9,0,-0.4
-138.4822286,-5,17.93004536,0.4
-123.2581668,-5,17.83291766,0.4
-123.3272601,-5,17.78269016,0.4
-138.6751185,-5,17.72840108,0.4
-154.0084516,-9,0,-0.4
-169.3234219,-9,0,-0.4
-169.3386598,-9,0,-0.4
-154.0749802,-9,0,-0.4
-138.8319678,-9,0,-0.4
-123.6070314,5,16.95137169,-0.4
-108.3963463,-9,0,-0.4
-93.19512702,-5,16.83564654,0.4
-77.99795617,-5,16.87663815,0.4
-78.07802197,-5,16.96352486,0.4
-93.43700957,-5,17.05123335,0.4
-108.797609,-5,17.09328006,0.4
-124.153953,-5,17.08606,0.4
-139.5004938,-9,0,-0.4
-154.8324148,-9,0,-0.4
-154.8671058,-9,0,-0.4
-139.6228331,-9,0,-0.4
-124.3966789,-5,16.5671086,0.4
-109.1849021,-5,16.51461877,0.4
-109.2616665,-5,16.50784818,0.4
-124.6172335,-5,16.50108976,0.4
-139.9629121,-9,0,-0.4
-155.2939484,-9,0,-0.4
-155.3277962,-9,0,-0.4
-140.0826825,-9,0,-0.4
-124.8556502,-5,16.01510567,0.4
-109.6430191,-5,15.96564913,0.4
-109.7190114,-5,15.95934975,0.4
-125.073806,-5,15.95308831,0.4
-140.4186316,-9,0,-0.4
-155.7487967,-9,0,-0.4
-155.7818175,-9,0,-0.4
-140.5358794,-9,0,-0.4
-125.3079823,-5,15.49592595,0.4
-110.0945062,-5,15.44936723,0.4
-110.1697312,-5,15.44340904,0.4
-125.5237582,-5,15.4375137,0.4
-140.8677404,-9,0,-0.4
-156.1970476,-9,0,-0.4
-156.2292579,-9,0,-0.4
-140.9825115,-9,0,-0.4
-125.7537631,-5,15.00610957,0.4
-110.5394514,-5,14.96129368,0.4
-110.6139142,-5,14.95240707,0.4
-125.9671788,-5,14.94109917,0.4
-141.3103274,-9,0,-0.4
-156.6387901,-9,0,-0.4
-156.6702059,-9,0,-0.4
-141.4226674,-9,0,-0.4
-126.1930809,-5,14.49119267,0.4
-110.9779435,-5,14.43489895,0.4
-111.0516495,-5,14.41178965,0.4
-126.4041572,-5,14.38665568,0.4
-141.7464818,-9,0,-0.4
-157.0741134,-9,0,-0.4
-157.1047507,-9,0,-0.4
-141.8564361,-9,0,-0.4
-126.6260248,-9,0,-0.4
-111.4100714,-9,0,-0.4
-96.20415182,-9,0,-0.4
-81.00316938,-9,0,-0.4
-65.80169836,-9,0,-0.4
-50.59434554,-9,0,-0.4
-35.37610999,-2.5,13.9975314,0.1
-20.14272137,0,14.10841923,0
-20.1698117,0,14.23544066,0
-20.19697195,0,14.36415353,0
-20.22420238,0,14.49459686,0
-20.25150325,0,14.62681071,0
-20.27887482,0,14.7608361,0
-20.30631735,0,14.89671501,0
-20.3338311,0,15.03449043,0
-20.36141635,0,15.17420625,0
-20.38907335,0,15.31590728,0
-20.41680238,0,15.45963921,0
-20.4446037,0,15.60544854,0
-20.47247758,0,15.75338251,0
-20.5004243,0,15.903489,0
-20.52844412,0,16.05581647,0
-20.55653732,0,16.21041374,0
-20.58470418,0,16.36732992,0
-20.61294497,0,16.52661416,0
-20.64125997,0,16.68831541,0
-20.66964946,0,16.85248218,0
-20.69811372,0,17.01916217,0
-20.72665303,0,17.18840188,0
-20.75526767,0,17.36024617,0
-20.78395793,0,17.53473769,0
-20.81272409,0,17.71191621,0
-20.84156644,0,17.89181794,0
-20.87048527,0,18.07447455,0
-20.89948087,0,18.2599122,0
-20.92855353,0,18.44815033,0
-20.95770355,0,18.63920022,0
-20.98693121,0,18.83306337,0
-21.01623681,-2.5,19.02972965,0
-21.04562065,-2.5,19.22917503,0
-21.07508302,-2.5,19.43135913,0
-21.10462424,-2.5,19.63725191,0
-21.13424459,-2.5,19.84813935,0
-21.16394438,-2.5,20.06430662,0.4
-21.19372391,-2.5,20.28603754,0.4
-36.50245804,-2.5,20.51355667,0.4
-51.8305212,-5,20.6975685,0.4
-67.17446331,-5,20.8218946,0.4
-82.52966293,-5,20.87495824,0.4
-97.89065985,-5,20.85168505,0.4
-113.2515592,-9,0,-0.4
-128.6064735,-9,0,-0.4
-128.6710892,-9,0,-0.4
-113.456714,-9,0,-0.4
-98.25358132,-5,20.02031555,0.4
-83.05639962,-5,19.93180495,0.4
-83.13835619,-5,19.91093441,0.4
-98.49921553,-5,19.89010816,0.4
-113.859742,-9,0,-0.4
-129.2140755,-9,0,-0.4
-129.2779454,-9,0,-0.4
-114.0628246,-9,0,-0.4
-98.85910904,-5,19.14223363,0.4
-83.66154638,-5,19.06218749,0.4
-83.74334985,-5,19.04323407,0.4
-99.10405348,-5,19.02430569,0.4
-114.4641919,-9,0,-0.4
-129.8179335,-9,0,-0.4
-129.8810515,-9,0,-0.4
-114.665179,-9,0,-0.4
-99.4608696,-5,18.34454944,0.4
-84.26291122,-5,18.27149263,0.4
-84.34454388,-5,18.25309649,0.4
-99.70507412,-5,18.22984798,0.4
-115.0648098,-9,0,-0.4
-130.4179491,-9,0,-0.4
-130.4803096,-9,0,-0.4
-115.2636799,-9,0,-0.4
-100.0587665,-5,17.54615192,0.4
-84.86039824,-5,17.45547039,0.4
-84.94184283,-5,17.41000696,0.4
-100.3021825,-9,0,-0.4
-115.6615015,-9,0,-0.4
-115.7351541,-9,0,-0.4
-100.5298411,-9,0,-0.4
-85.33123179,-5,16.88189172,0.4
-70.1337358,-5,16.82072826,0.4
-70.21056331,-5,16.80315184,0.4
-85.56633957,-5,16.78191862,0.4
-100.9267068,-9,0,-0.4
-116.2858149,-9,0,-0.4
-116.3590341,-9,0,-0.4
-101.153286,-9,0,-0.4
-85.9544597,-5,16.19991867,0.4
-70.75697913,-5,16.12576828,0.4
-70.83405361,-5,16.0938293,0.4
-86.19007477,-5,16.06220712,0.4
-101.5504501,-9,0,-0.4
-116.9093289,-9,0,-0.4
-116.9820982,-9,0,-0.4
-101.775899,-9,0,-0.4
-86.57683725,-5,15.5095508,0.4
-71.37935278,-5,15.44096863,0.4
-71.45665526,2.5,15.4263873,-0.1
-86.81290231,0,15.55777093,-0.1
-86.89439186,0,15.70830358,-0.1
-83.15617536,0,15.86122652,-0.1
-79.41751082,0,16.01285476,-0.1
-75.67806039,2.5,16.16214102,-0.1
-71.93748884,2.5,16.30794747,-0.1
-68.19546469,2.5,16.44905224,-0.1
-64.45166137,2.5,16.58416063,-0.1
-60.70575834,2.5,16.71192175,-0.1
-56.95744222,2.5,16.83095088,-0.1
-53.20640797,2.5,16.93985777,-0.1
-49.45235998,5,17.0372805,-0.4
-45.69501324,5,17.12192381,-0.4
-30.47493858,5,17.19260043,-0.4
-15.23778649,5,17.21111767,0
0.019436285,5,17.1755065,0
0.019464271,5,17.08953383,0
0.019492338,5,17.0013092,0
0.019520486,-9,0,0
0.019548715,-9,0,0
0.019577026,-9,0,0
0.019605419,-9,0,0
0.019633895,-9,0,0
0.019662453,-9,0,0
0.019691095,-2.5,16.38559527,0
0.01971982,-2.5,16.51314429,0
0.019748629,-2.5,16.64094443,0
0.019777522,-2.5,16.76890319,0
0.0198065,-2.5,16.89691911,0
0.019835564,-2.5,17.0248812,0
0.019864712,-2.5,17.15266836,0
0.019893946,-2.5,17.28014883,0
0.019923267,-2.5,17.40717957,0
0.019952674,-2.5,17.5336058,0
0.019982168,-2.5,17.65926044,0
0.020011749,-2.5,17.78396368,0
0.020041418,-2.5,17.90752262,0
0.020071175,-2.5,18.02973097,0
0.020101021,-2.5,18.15036886,0
0.020130955,-2.5,18.26920283,0
0.020160979,-2.5,18.38598592,0
0.020191093,-2.5,18.50045799,0
0.020221296,-5,18.61234623,0
0.02025159,-5,18.72136593,0
0.020281975,-5,18.82722154,0
0.020312452,-5,18.92960791,0
0.02034302,-5,19.028212,0
0.02037368,-5,19.12271479,0
0.020404433,-5,19.21279357,0
0.020435278,-5,19.29812452,0
0.020466217,-5,19.37838566,0
0.02049725,-5,19.45325999,0
0.020528378,-5,19.52243895,0
0.020559599,-5,19.585626,0
0.020590916,-5,19.64254036,0
0.020622329,-5,19.69374197,0
0.020653838,-5,19.74429936,0
0.020685443,-5,19.795143,0
0.020717144,-5,19.84627606,0
0.020748944,-5,19.89771103,0
0.02078084,-5,19.94946099,0
0.020812836,-5,20.00150336,0.4
0.020844929,-5,20.05388305,0.4
-15.25799741,-5,20.10656465,0.4
-30.56019364,-5,20.08945844,0.4
-45.88418638,-9,0,-0.4
-61.22683762,-9,0,-0.4
-61.30476126,-9,0,-0.4
-46.10392656,-9,0,-0.4
-30.88922993,-5,19.33973791,0.4
-15.65613905,-5,19.2614865,0
-15.68024182,-5,19.24596866,0
-15.70441705,-5,19.23046171,0
-15.72866505,-5,19.21500076,0
-15.75298615,-5,19.19955403,0
-15.77738066,-5,19.18414137,0
-15.80184892,-5,19.16875439,0
-15.82639124,-5,19.15338973,0
-15.85100796,-5,19.13806205,0
-15.87569941,-5,19.11962626,0
-15.90046591,-5,19.09491705,0
-15.9253078,-5,19.0640413,0
-15.95022542,-5,19.0271306,0
-15.97521911,-5,18.9843394,0
-16.00028919,-5,18.93584295,0
-16.02543602,-5,18.88183503,0
-16.05065993,-5,18.82252554,0
-16.07596128,-5,18.758138,0
-16.1013404,-5,18.68890701,0
-16.12679766,-5,18.61507579,0
-16.15233339,-5,18.53689374,0
-16.17794796,-5,18.45461413,0
-16.20364171,-5,18.36849194,0
-16.22941501,-5,18.27878185,0
-16.25526821,-5,18.18573647,0
-16.28120168,-5,18.08960466,0
-16.30721579,-5,17.9906302,0
-16.33331088,-9,0,0
-16.35948734,-9,0,0
-16.38574554,-9,0,0
-16.41208584,-9,0,0
-16.43850863,-9,0,0
-16.46501427,-9,0,0
-16.49160315,-9,0,0
-16.51827564,-9,0,0
-16.54503214,-9,0,0
-16.57187303,-9,0,0
-16.59879869,-9,0,0
-16.62580951,-9,0,0
-16.6529059,-9,0,0
-16.68008823,-9,0,0
-16.70735692,-9,0,0
-16.73471236,-9,0,0
-16.76215495,-9,0,0
-16.7896851,-9,0,0
-16.81730321,-9,0,0
-16.84500969,-9,0,0
-16.87280496,-9,0,0
-16.90068943,-9,0,0
-16.92866351,-9,0,0
-16.95672763,-9,0,0
-16.98488221,-9,0,0
-17.01312767,-9,0,0
-17.04146443,-9,0,0
-17.06989294,-9,0,0
-17.09841361,-9,0,0
-17.12702689,-9,0,0
-17.15573322,-9,0,0
-17.18453302,-9,0,0
-17.21342675,-9,0,0
-17.24241485,0,14.35988376,0
-17.27149777,0,14.49626439,0
-17.30067596,0,14.63480178,0
-17.32994988,0,14.77555628,0
-17.35931997,0,14.91866324,0
-17.3887867,0,15.06416989,0
-17.41835054,0,15.21212455,0
-17.44801194,0,15.3626557,0
-17.47777137,0,15.51586989,0
-17.50762931,0,15.67180102,0
-17.53758623,0,15.83056876,0
-17.5676426,0,15.99235262,0
-17.59779891,0,16.15716924,0
-17.62805563,0,16.32513295,0
-17.65841326,0,16.49649592,0
-17.68887228,0,16.67127181,0
-17.71943318,0,16.8495911,0
-17.75009645,0,17.03170986,0
-17.7808626,0,17.21772595,0
-17.81173213,0,17.40776163,0
-17.84270553,0,17.60207672,0
-17.87378332,0,17.80087806,0
-17.90496601,0,18.00427799,0
-17.93625411,0,18.21254013,0
-17.96764813,0,18.42601378,0
-17.9991486,0,18.6447998,0
-18.03075604,0,18.86916576,0
-18.06247097,0,19.09964982,0
-18.09429393,0,19.33634011,0
-18.12622545,0,19.57957552,0
-18.15826607,0,19.82994863,0
-18.19041632,0,20.08773464,-0.4
-18.22267674,0,20.35330502,-0.4
-2.97617336,0,20.62732375,-0.4
12.29731675,0,20.90854875,-0.4
27.59831797,2.5,21.17650098,-0.4
42.92539846,2.5,21.40977034,-0.4
58.27523408,5,21.58840545,-0.1
73.64281938,5,21.69565079,-0.1
77.56266183,5,21.72140145,-0.1
81.48431878,5,21.72615242,-0.1
85.40730236,5,21.70967696,-0.1
89.33111683,5,21.67216154,-0.1
93.25526155,5,21.61402015,-0.1
97.17923391,5,21.53623894,-0.1
101.1025323,5,21.43938222,-0.1
105.0246593,5,21.32438507,-0.1
108.945124,-9,0,0.4
112.8634457,-9,0,0.4
101.5002815,5,20.88513054,-0.1
86.32345481,5,20.7772956,-0.1
86.42739102,5,20.74369119,-0.1
90.35106941,5,20.71015861,-0.1
94.27494694,5,20.65814893,-0.1
98.19852238,5,20.58830877,-0.1
102.1212963,5,20.5014704,-0.1
106.0427741,-9,0,0.4
109.9624686,-9,0,0.4
98.60102877,5,20.14750153,-0.1
83.42491954,5,20.06490702,-0.1
83.5281914,5,20.05130206,-0.1
87.45122414,5,20.03767615,-0.1
91.37482482,5,20.00668793,-0.1
95.29849375,5,19.95876347,-0.1
99.2217308,5,19.89440233,-0.1
103.1440384,5,19.81409324,-0.1
107.0649245,5,19.71872491,-0.1
110.9839055,-9,0,0.4
114.9005088,-9,0,0.4
103.5354012,5,19.35194667,-0.1
88.35729114,5,19.26155769,-0.1
88.46089682,5,19.23328671,-0.1
92.3842312,5,19.20506691,-0.1
96.30750528,5,19.16128589,-0.1
100.230221,5,19.10256059,-0.1
104.1518838,5,19.02926252,-0.1
108.072005,5,18.94202466,-0.1
111.9901052,-9,0,0.4
115.9057169,-9,0,0.4
104.5395124,5,18.60610153,-0.1
89.36061826,5,18.52304847,-0.1
89.46390198,5,18.49710025,-0.1
93.38690781,5,18.47119496,-0.1
97.30972661,5,18.43098386,-0.1
101.2318628,5,18.37690139,-0.1
105.1528247,5,18.30948877,-0.1
109.0721279,-9,0,0.4
112.9892973,-9,0,0.4
101.6249961,5,18.02921298,-0.1
86.44700942,5,17.95626577,-0.1
86.54982344,5,17.93231982,-0.1
90.47237834,5,17.9036783,-0.1
94.39511478,5,17.85714603,-0.1
98.31753745,5,17.79349568,-0.1
102.2391529,-9,0,0.4
106.1594724,-9,0,0.4
94.79914048,5,17.51105895,-0.1
79.62277868,5,17.43502858,-0.1
79.72400197,5,17.4050208,-0.1
83.64500878,5,17.37094956,-0.1
87.5670544,5,17.32052014,-0.1
91.48964755,5,17.25451759,-0.1
95.41229375,-9,0,0.4
99.33449818,-9,0,0.4
87.9768941,5,16.97380607,-0.1
72.80087637,5,16.89761807,-0.1
72.8992471,5,16.86462393,-0.1
76.81744049,5,16.82811105,-0.1
80.73751492,5,16.77660102,-0.1
84.65899085,5,16.71084841,-0.1
88.58138048,-9,0,0.4
92.50419064,-9,0,0.4
81.14805113,5,16.43811631,-0.1
65.97109134,5,16.36380737,-0.1
66.06536519,5,16.33012058,-0.1
69.97949557,5,16.29336219,-0.1
73.89632609,5,16.24277172,-0.1
77.81539645,5,16.17905039,-0.1
81.73623327,-9,0,0.4
85.65835281,-9,0,0.4
74.30238922,5,15.91822924,-0.1
59.12319269,5,15.84712396,-0.1
59.21214038,5,15.81436682,-0.1
63.12097156,5,15.77889625,-0.1
67.03329064,5,15.73057198,-0.1
70.94866388,5,15.6700318,-0.1
74.86663989,-9,0,0.4
78.78675212,-9,0,0.4
67.42964698,5,15.42338213,-0.1
52.24690782,5,15.35628605,-0.1
52.32931403,5,15.32556185,-0.1
56.23162229,5,15.29240846,-0.1
60.13816642,5,15.24721621,-0.1
64.04854626,5,15.19055657,-0.1
67.96233977,-9,0,0.4
71.8791053,-9,0,0.4
60.51950943,5,14.95921432,-0.1
45.33190914,5,14.89657691,-0.1
45.4065734,5,14.86861171,-0.1
49.30114865,5,14.838443,-0.1
53.20065909,5,14.79691291,-0.1
57.10474478,5,14.74452748,-0.1
61.01302018,-9,0,0.4
64.92507603,-9,0,0.4
53.56160689,5,14.52890906,-0.1
38.36781494,5,14.47094602,-0.1
38.43355535,5,14.44620229,-0.1
42.31920505,5,14.41943547,-0.1
46.21043126,5,14.38187168,-0.1
50.10692048,5,14.33395424,-0.1
54.00833039,-9,0,0.4
57.91429137,-9,0,0.4
46.54553366,5,14.13403709,-0.1
31.34421086,5,14.08081656,-0.1
31.39987123,5,14.0595776,-0.1
35.27542798,5,14.03646139,-0.1
39.15713462,5,14.00302034,-0.1
43.04472978,-9,0,0.4
46.93792064,-9,0,0.4
35.55750953,-9,0,0.4
20.34140656,-9,0,0
5.100121184,-9,0,0
5.109752098,-9,0,0
5.119419357,-9,0,0
5.129123166,-9,0,0
5.138863734,-9,0,0
5.148641269,-9,0,0
5.15845598,-9,0,0
5.16830808,-9,0,0
5.178197782,-9,0,0
5.188125302,5,13.99804826,0
5.198090855,5,14.02018775,0
5.208094661,5,14.04239583,0
5.21813694,5,14.06464671,0
5.228217913,5,14.0869709,0
5.238337803,5,14.10931788,0
5.248496836,5,14.13172623,0
5.258695239,5,14.15417863,0
5.268933241,5,14.17672988,0
5.279211071,5,14.19932191,0
5.289528962,5,14.22200123,0
5.299887148,5,14.24470924,0
5.310285865,5,14.26750966,0
5.320725351,5,14.29033486,0
5.331205844,5,14.31325768,0
5.341727587,5,14.33620161,0
5.352290823,5,14.35924781,0
5.362895797,5,14.38231571,0
5.373542755,5,14.40548264,0
5.384231948,5,14.42864852,0
5.394963627,5,14.45187342,0
5.405738043,5,14.47512434,0
5.416555453,5,14.49849597,0
5.427416113,5,14.52190883,0
5.438320282,5,14.54541912,0
5.449268222,5,14.56898696,0
5.460260197,5,14.5926492,0
5.47129647,5,14.6163566,0
5.482377311,0,14.68556081,0
5.493502987,0,14.82349017,0
5.504673773,0,14.96363739,0
5.51588994,0,15.10611341,0
5.527151767,0,15.2509622,0
5.53845953,0,15.3982596,0
5.549813512,0,15.54808953,0
5.561213994,0,15.7005361,0
5.572661262,0,15.85572216,0
5.584155605,0,16.01374835,0
5.595697312,0,16.1746931,0
5.607286675,0,16.33866587,0
5.618923989,0,16.50578235,0
5.630609552,0,16.6761719,0
5.642343663,0,16.85001663,0
5.654126624,0,17.02740028,0
5.665958741,0,17.20846943,0
5.677840319,0,17.3933799,0
5.68977167,0,17.58229759,0
5.701753105,0,17.7754578,0
5.71378494,0,17.97302051,0
5.725867492,0,18.17516613,0
5.738001081,0,18.38211156,0
5.75018603,0,18.59408942,0
5.762422665,0,18.81138307,0
5.774711314,0,19.03430527,0
5.787052309,0,19.26308046,0
5.799445984,0,19.49802319,0
5.811892675,0,19.73947397,0
5.824392722,0,19.98780219,0
5.836946469,0,20.24354349,-0.4
5.849554259,0,20.50702905,-0.4
21.14109098,2.5,20.77877198,-0.4
36.46486561,2.5,21.0298463,-0.4
51.81785906,5,21.23991048,-0.1
67.19489387,5,21.39022694,-0.1
71.12982569,5,21.46686538,-0.1
75.06789351,5,21.52384623,-0.1
79.00852775,5,21.56056788,-0.1
82.95114303,5,21.5767223,-0.1
86.89514172,5,21.57212508,-0.1
90.83991758,5,21.54670527,-0.1
94.78485951,5,21.50077142,-0.1
98.72935539,5,21.43510766,-0.1
102.6727959,5,21.35028908,-0.1
106.6145782,5,21.24717282,-0.1
110.5541099,5,21.12674231,-0.1
114.4908124,-9,0,0.4
118.4241245,-9,0,0.4
107.074631,5,20.67550629,-0.1
91.91487859,5,20.56270109,-0.1
92.03941439,5,20.52169571,-0.1
95.98364954,5,20.48089919,-0.1
99.92725641,5,20.42255898,-0.1
103.8696306,5,20.34703021,-0.1
107.8101754,5,20.25511073,-0.1
111.7483055,5,20.14760091,-0.1
115.6834503,-9,0,0.4
119.6150575,-9,0,0.4
108.2637217,5,19.74331845,-0.1
93.10254117,5,19.64192815,-0.1
93.22628217,5,19.6050118,-0.1
97.16971168,5,19.56839192,-0.1
101.1123353,5,19.51580296,-0.1
105.0535541,5,19.44769617,-0.1
108.9927779,5,19.36475009,-0.1
112.9294289,-9,0,0.4
116.8629451,-9,0,0.4
105.5139088,5,19.01255339,-0.1
90.35390815,5,18.91565615,-0.1
90.47727261,5,18.87217668,-0.1
94.42035128,5,18.82316237,-0.1
98.36304658,5,18.75436198,-0.1
102.3047587,-9,0,0.4
106.244894,-9,0,0.4
94.90399381,5,18.44279657,-0.1
79.74781904,5,18.35841105,-0.1
79.86904949,5,18.32476231,-0.1
83.81009032,5,18.28610082,-0.1
87.75236235,5,18.2288287,-0.1
91.69526834,5,18.15392454,-0.1
95.63820708,-9,0,0.4
99.58057719,-9,0,0.4
88.24290625,5,17.83667891,-0.1
73.08718496,5,17.74967178,-0.1
73.20514062,5,17.70981785,-0.1
77.14296168,5,17.6685343,-0.1
81.08300923,5,17.61460718,-0.1
85.02469996,5,17.54854056,-0.1
88.96744041,5,17.47088314,-0.1
92.91063059,-9,0,0.4
96.85366774,-9,0,0.4
85.51707548,5,17.17525257,-0.1
70.3612895,5,17.10084685,-0.1
70.47765785,5,17.07455207,-0.1
74.41391266,5,17.0483383,-0.1
78.35279781,5,17.01007851,-0.1
82.29373743,5,16.96008043,-0.1
86.236143,5,16.89878513,-0.1
90.17941691,5,16.82704286,-0.1
94.12295616,-9,0,0.4
98.0661561,-9,0,0.4
86.72953966,5,16.55297482,-0.1
71.57424239,5,16.48369346,-0.1
71.69175559,5,16.45920689,-0.1
75.62914714,5,16.43477458,-0.1
79.56899873,5,16.39912453,-0.1
83.51072881,5,16.3525184,-0.1
87.45374421,5,16.29534727,-0.1
91.39744378,5,16.22807899,-0.1
95.34122212,-9,0,0.4
99.28447335,-9,0,0.4
87.94772032,5,15.97128278,-0.1
72.79280325,5,15.90647274,-0.1
72.9113642,5,15.88356116,-0.1
76.84979481,5,15.86109676,-0.1
80.79051111,5,15.82826389,-0.1
84.7329264,5,15.7846875,-0.1
88.67644346,5,15.73112599,-0.1
92.62045822,5,15.66807382,-0.1
96.56436353,-9,0,0.4
100.5075529,-9,0,0.4
89.17054982,5,15.427086,-0.1
74.015902,5,15.36566692,-0.1
74.13540949,5,15.34114564,-0.1
78.07477747,5,15.31410375,-0.1
82.01625314,5,15.27478564,-0.1
85.95924526,5,15.22369482,-0.1
89.90315319,-9,0,0.4
93.84737059,-9,0,0.4
82.51241465,5,15.00670067,-0.1
67.35699385,5,14.94894375,-0.1
67.47200783,5,14.92640097,-0.1
71.40693229,5,14.90155728,-0.1
75.34494625,5,14.86508401,-0.1
79.28548023,5,14.81743225,-0.1
83.22794922,5,14.75917689,-0.1
87.17175626,-9,0,0.4
91.11629606,-9,0,0.4
79.78208422,5,14.5280118,-0.1
64.62624281,5,14.46480608,-0.1
64.73930408,-2.5,14.44507332,0.4
68.67229492,-2.5,14.56028391,0.4
57.32990308,-2.5,14.68176363,0.4
42.15667054,-2.5,14.78785082,0.4
26.96216111,-5,14.86609994,0.1
11.74039101,-5,14.9109788,0
7.946354951,-5,14.91828034,0
7.96384225,-5,14.91499278,0
7.981406187,-5,14.91151541,0
7.999047263,-5,14.90804594,0
8.016765984,-5,14.90459033,0
8.034562861,2.5,14.9129066,0
8.052438409,2.5,14.99626672,0
8.070393145,2.5,15.07874026,0
8.088427596,2.5,15.16024463,0
8.106542288,2.5,15.24069419,0
8.124737755,5,15.3200003,0
8.143014535,5,15.3980714,0
8.161373171,5,15.47481317,0
8.179814209,5,15.55012863,0
8.198338201,5,15.6239184,0
8.216945706,5,15.69608086,0
8.235637285,5,15.76651243,0
8.254413505,5,15.83510787,0
8.273274938,5,15.90176058,0
8.292222162,5,15.96636299,0
8.311255759,5,16.02880693,0
8.330376317,5,16.08898412,0
8.349584429,5,16.14678657,0
8.368880692,5,16.20210714,0
8.388265712,5,16.25484002,0
8.407740098,5,16.30488134,0
8.427304463,5,16.3521297,0
8.446959429,5,16.3964868,0
8.466705623,5,16.437858,0
8.486543675,5,16.47615298,0
8.506474223,5,16.51128628,0
8.526497911,5,16.54317793,0
8.546615389,5,16.57175403,0
8.566827312,5,16.59694725,0
8.587134341,5,16.61869737,0
8.607537145,5,16.63695174,0
8.628036397,5,16.6516657,0
8.648632778,5,16.66280292,0
8.669326974,5,16.67033572,0
8.690119677,5,16.67424528,0
8.711011589,5,16.6745218,0
8.732003414,5,16.67116459,0
8.753095866,5,16.66418207,0
8.774289664,5,16.65359168,0
8.795585534,5,16.63941978,0
8.81698421,5,16.6217014,0
8.838486432,5,16.60047995,0
8.860092947,5,16.57580689,0
8.881804509,5,16.54774132,0
8.903621882,5,16.51634951,0
8.925545832,5,16.4817044,0
8.947577137,5,16.44388509,0
8.969716581,5,16.40297621,0
8.991964954,5,16.3590674,0
9.014323057,5,16.31225268,0
9.036791697,5,16.26262984,0
9.059371687,5,16.21029983,0
9.082063851,5,16.15536619,0
9.104869019,5,16.09793447,0
9.127788031,5,16.03811164,0
9.150821733,5,15.97839181,0
9.173970982,5,15.91748853,0
9.197236641,5,15.85863378,0
9.220619583,5,15.80011454,0
9.244120689,5,15.74049992,0
9.267740848,5,15.68278692,0
9.291480961,5,15.625421,0
9.315341935,5,15.56704482,0
9.339324686,5,15.51042715,0
9.363430141,5,15.45417,0
9.387659236,5,15.39702042,0
9.412012915,5,15.33963555,0
9.436492133,5,15.2813332,0
9.461097854,5,15.22120118,0
9.485831052,5,15.1593252,0
9.510692711,5,15.09579052,0
9.535683825,5,15.03068164,0
9.560805398,5,14.96408208,0
9.586058445,5,14.89607417,0
9.611443991,5,14.8267388,0
9.636963071,0,14.91924653,0
9.662616731,0,15.05797057,0
9.688406028,0,15.19901447,0
9.714332031,0,15.34259002,0
9.740395818,0,15.48916532,0
9.76659848,0,15.63822833,0
9.792941119,0,15.78965959,0
9.819424849,0,15.94348939,0
9.846050793,0,16.09978302,0
9.872820091,0,16.25860767,0
9.89973389,0,16.42003236,0
9.926793351,0,16.58412788,0
9.953999649,0,16.75096679,0
9.981353969,0,16.92062326,0
10.00885751,0,17.09317297,0
10.03651148,0,17.26869295,0
10.06431712,0,17.44726131,0
10.09227564,0,17.62895701,0
10.12038831,0,17.81385946,0
10.1486564,0,18.00204811,0
10.17708117,0,18.19360188,0
10.20566393,0,18.38859848,0
10.23440597,0,18.58711361,0
10.26330862,0,18.78921992,0
10.29237321,0,18.99498583,0
10.3216011,0,19.20447406,0
10.35099365,0,19.41773982,0
10.38055223,2.5,19.63482872,0
10.41027825,2.5,19.85577421,0
10.44017311,2.5,20.08059451,-0.4
10.47023825,2.5,20.30928901,-0.4
25.77934963,2.5,20.54183389,-0.4
41.13077714,5,20.72848381,-0.1
56.51962636,5,20.84871471,-0.1
60.47901903,5,20.88802279,-0.1
64.44466677,5,20.89876647,-0.1
68.41587065,5,20.88068601,-0.1
72.3918952,5,20.83421763,-0.1
76.37197288,5,20.76046233,-0.1
80.35530888,5,20.66110966,-0.1
84.34108628,-9,0,0.4
88.32847146,-9,0,0.4
77.03774526,5,20.23274111,-0.1
61.92318608,5,20.11268239,-0.1
62.07216111,5,20.05261943,-0.1
66.04126657,5,19.98557743,-0.1
70.01567992,5,19.89566937,-0.1
73.99464595,-9,0,0.4
77.97737894,-9,0,0.4
66.68419312,5,19.51735072,-0.1
51.56133553,5,19.42396044,-0.1
51.69465186,5,19.39381915,-0.1
55.64817869,5,19.36229378,-0.1
59.60891093,5,19.31535113,-0.1
63.57618566,5,19.25424475,-0.1
67.54929747,5,19.17841787,-0.1
71.52750244,5,19.08792118,-0.1
75.51002261,-9,0,0.4
79.49605084,-9,0,0.4
68.20588152,5,18.74132407,-0.1
53.08676656,5,18.65587982,-0.1
53.22458263,5,18.62634974,-0.1
57.18261465,5,18.59835687,-0.1
61.14768957,5,18.55640615,-0.1
65.11911888,5,18.49940425,-0.1
69.09617239,5,18.42432703,-0.1
73.07808243,-9,0,0.4
77.06404861,-9,0,0.4
65.77436832,5,18.1021971,-0.1
50.6542664,5,18.01394631,-0.1
50.78916715,5,17.97423122,-0.1
54.74430682,5,17.93001977,-0.1
58.70699633,5,17.86839745,-0.1
62.67656554,5,17.79036752,-0.1
66.65229941,-9,0,0.4
70.63344204,-9,0,0.4
59.3403266,5,17.47081464,-0.1
44.21308549,5,17.38253992,-0.1
44.33627817,5,17.33924951,-0.1
48.27973405,5,17.29219373,-0.1
52.2318781,5,17.22947987,-0.1
56.19211114,5,17.15205512,-0.1
60.15978252,-9,0,0.4
64.13419333,-9,0,0.4
52.83572563,5,16.84336633,-0.1
37.69942949,5,16.75774308,-0.1
37.80911004,5,16.77822689,-0.1
41.7390531,5,16.84759626,-0.1
45.67875357,5,16.90274473,-0.1
49.62769385,5,16.94286313,-0.1
53.58529929,5,16.96734632,-0.1
57.55094054,5,16.97581804,-0.1
61.52393642,5,16.96814684,-0.1
65.50355747,5,16.94445178,-0.1
69.48902993,5,16.90509725,-0.1
73.47954038,5,16.85067756,-0.1
77.47424076,5,16.78199244,-0.1
81.47225392,-9,0,0.4
85.47267947,-9,0,0.4
74.1957255,5,16.50073606,-0.1
59.09286603,5,16.42369057,-0.1
59.25007754,5,16.38737766,-0.1
63.22752264,5,16.34799279,-0.1
67.21133285,5,16.29476241,-0.1
71.20070841,5,16.2284249,-0.1
75.19481149,-9,0,0.4
79.19277147,-9,0,0.4
67.91481619,5,15.96022165,-0.1
52.80708503,5,15.88694858,-0.1
52.95450083,5,15.85495047,-0.1
56.92221006,5,15.82342008,-0.1
60.89756815,5,15.7809423,-0.1
64.87983543,5,15.72896061,-0.1
68.86822584,5,15.66761545,-0.1
72.86191152,-9,0,0.4
76.86002801,-9,0,0.4
65.58280531,5,15.4304375,-0.1
50.47427465,5,15.37115729,-0.1
50.61887362,5,15.35079604,-0.1
54.58379282,5,15.33080839,-0.1
58.55689681,5,15.30195684,-0.1
62.53746448,5,15.26357263,-0.1
66.52472487,0,15.23619116,0.1
70.51786152,0,15.38333941,0.1
66.87658017,0,15.53011455,0.1
63.23115482,0,15.68237631,0.1
59.58089635,0,15.83966297,0.1
55.92512591,0,16.00148735,0.1
52.26317675,0,16.1673015,0.1
48.59439605,0,16.33652507,0.1
44.91814694,0,16.50851065,0.1
41.2338106,0,16.68261251,0.1
37.54078848,0,16.85804905,0.1
33.83850469,0,17.03404177,0.1
30.12640849,0,17.20972392,0.1
26.40397692,0,17.38425489,0.1
22.67071759,-2.5,17.55664192,0
18.92617151,-2.5,17.72588687,0
18.98963477,-2.5,17.89102648,0
19.05350922,-2.5,18.05885424,0
19.1177987,-2.5,18.22992938,0
19.18250712,-2.5,18.40438082,0
19.2476384,-2.5,18.58245701,0
19.31319655,-2.5,18.76395013,0
19.3791856,-2.5,18.94743967,0
19.44560964,-2.5,19.13261819,0
19.51247279,-2.5,19.31935708,0
19.57977924,-2.5,19.50750274,0
19.64753324,-2.5,19.69687343,0
19.71573906,-2.5,19.88725579,0
19.78440105,-2.5,20.07840112,0.4
19.8535236,-2.5,20.27002143,0.4
4.644236615,-5,20.46178526,0.4
-10.61798811,-5,20.59243829,0.4
-25.93488673,-5,20.6466266,0.4
-41.30430636,-5,20.61762111,0.4
-56.72020533,-9,0,-0.4
-72.17297407,-9,0,-0.4
-72.37121306,-9,0,-0.4
-57.29101438,-9,0,-0.4
-42.18789296,-5,19.71866938,0.4
-27.04967098,-5,19.59692685,0.4
-27.14522752,-5,19.53150139,0.4
-42.52028432,-9,0,-0.4
-57.9420232,-9,0,-0.4
-58.12152455,-9,0,-0.4
-43.02285359,-9,0,-0.4
-27.88916134,-5,18.8235813,0.4
-12.71014809,-5,18.73561391,0
-12.75729061,-5,18.70043335,0
-12.80477829,-5,18.65979004,0
-12.85261485,-5,18.61383864,0
-12.90080409,-5,18.56274996,0
-12.94934985,-5,18.50670896,0
-12.99825604,-5,18.44591273,0
-13.0475266,-5,18.3805684,0
-13.09716556,-5,18.31089104,0
-13.14717699,-5,18.23710166,0
-13.19756501,-5,18.15942527,0
-13.24833382,5,18.12163198,0
-13.29948767,5,18.15306672,0
-13.35103087,5,18.17958699,0
-13.40296781,5,18.20110097,0
-13.45530292,5,18.21753322,0
-13.50804071,5,18.22882554,0
-13.56118577,5,18.23493761,0
-13.61474272,5,18.23584753,0
-13.66871629,5,18.23155202,0
-13.72311125,5,18.2220665,0
-13.77793247,5,18.20742489,0
-13.83318487,5,18.18767922,0
-13.88887345,5,18.16289899,0
-13.9450033,5,18.13317039,0
-14.00157957,5,18.10003883,0
-14.05860749,5,18.06502596,0
-14.11609238,5,18.03214835,0
-14.17403964,5,17.99928756,0
-14.23245475,5,17.96548906,0
-14.29134328,5,17.93371733,0
-14.35071087,5,17.90062504,0
-14.41056328,5,17.86731139,0
-14.47090632,5,17.83516125,0
-14.53174592,5,17.80304753,0
-14.59308811,5,17.77039816,0
-14.65493898,5,17.73733927,0
-14.71730474,5,17.70564845,0
-14.78019171,5,17.67254008,0
-14.84360629,5,17.63522543,0
-14.90755499,5,17.59373443,0
-14.97204443,5,17.54818876,0
-15.03708133,5,17.49871887,0
-15.10267252,5,17.44546283,0
-15.16882494,5,17.38856521,0
-15.23554564,5,17.32817586,0
-15.30284181,5,17.26444883,0
-15.37072072,5,17.1975412,0
-15.4391898,5,17.1276121,0
-15.50825656,5,17.05482165,0
-15.57792866,5,16.97933004,0
-15.6482139,5,16.9012967,0
-15.71912019,5,16.82087949,0
-15.79065557,5,16.73823399,0
-15.86282822,5,16.65351288,0
-15.93564648,-9,0,0
-16.00911879,-9,0,0
-16.08325378,-9,0,0
-16.15806019,-9,0,0
-16.23354692,-9,0,0
-16.30972305,-9,0,0
-16.38659777,-9,0,0
-16.46418046,-9,0,0
-16.54248067,-9,0,0
-16.62150809,-9,0,0
-16.70127259,-9,0,0
-16.78178423,-9,0,0
-16.86305323,-9,0,0
-16.94508999,-9,0,0
-17.02790511,-9,0,0
-17.11150935,-9,0,0
-17.1959137,-9,0,0
-17.28112933,-9,0,0
-17.3671676,-9,0,0
-17.45404009,-9,0,0
-17.54175859,-9,0,0
-17.6303351,-9,0,0
-17.71978183,-9,0,0
-17.81011125,-9,0,0
-17.90133601,-9,0,0
-17.99346903,-9,0,0
-18.08652347,-9,0,0
-18.1805127,-9,0,0
-18.27545037,-9,0,0
-18.37135039,-9,0,0
-18.46822692,-9,0,0
-18.56609438,-9,0,0
-18.66496748,-9,0,0
-18.76486119,-9,0,0
-18.8657908,-9,0,0
-18.96777185,-9,0,0
-19.07082021,-9,0,0
-19.17495204,-9,0,0
-19.28018383,-9,0,0
-19.38653237,-9,0,0
-19.49401478,-9,0,0
-19.60264855,-9,0,0
-19.71245146,-9,0,0
-19.82344167,-9,0,0
-19.93563771,-9,0,0
-20.04905845,-9,0,0
-20.16372315,-9,0,0
-20.27965146,-9,0,0
-20.39686341,-9,0,0
-20.51537945,-9,0,0
-20.63522043,-9,0,0
-20.75640762,-9,0,0
-20.87896274,-9,0,0
-21.00290794,-9,0,0
-21.12826583,-9,0,0
-21.25505946,-9,0,0
-21.38331239,-9,0,0
-21.51304865,-9,0,0
-21.64429277,-9,0,0
-21.77706979,-9,0,0
-21.91140526,-9,0,0
-22.04732529,-9,0,0
-22.18485652,-9,0,0
-22.32402616,-9,0,0
-22.46486199,-9,0,0
-22.60739238,-9,0,0
-22.7516463,-9,0,0
-22.89765334,-9,0,0
-23.04544372,-9,0,0
-23.19504832,-9,0,0
-23.34649867,-9,0,0
-23.49982697,-9,0,0
-23.65506616,-9,0,0
-23.81224983,-9,0,0
-23.97141236,-9,0,0
-24.13258884,-9,0,0
-24.29581514,-9,0,0
-24.46112791,-9,0,0
-24.62856461,-9,0,0
-24.79816352,-9,0,0
-24.96996378,-9,0,0
-25.14400535,-9,0,-0.4
-25.32032913,-9,0,-0.4
-10.22010235,-9,0,0
4.984121564,-9,0,0
5.020944037,-9,0,0
5.058313221,-9,0,0
5.096241349,-9,0,0
5.134741024,-9,0,0
5.173825225,-9,0,0
5.213507331,-9,0,0
5.253801128,-9,0,0
5.294720827,-9,0,0
5.336281086,-9,0,0
5.378497018,-9,0,0
5.421384215,-9,0,0
5.464958769,-9,0,0
5.509237285,-9,0,0
5.554236906,-9,0,0
5.599975336,-9,0,0
5.646470862,-9,0,0
5.693742374,-9,0,0
5.741809396,-9,0,0
5.790692111,-9,0,0
5.840411386,-9,0,0
5.890988805,-9,0,0
5.942446697,-9,0,0
5.994808171,-9,0,0
6.048097147,-9,0,0
6.102338394,-9,0,0
6.157557569,-9,0,0
6.213781254,-9,0,0
6.271036998,-9,0,0
6.329353366,-9,0,0
6.388759978,-9,0,0
6.449287566,-9,0,0
6.510968022,-9,0,0
6.573834453,-9,0,0
6.637921241,-9,0,0
6.703264102,-9,0,0
6.769900156,2.5,14.00752552,0
6.83786799,2.5,14.09883858,0
6.907207735,2.5,14.19006092,0
6.977961143,2.5,14.28114511,0
7.050171668,2.5,14.37204081,0
7.123884554,2.5,14.46269474,0
7.199146927,2.5,14.55305051,0
7.276007896,2.5,14.64304858,0
7.354518653,2.5,14.73262613,0
7.434732588,2.5,14.82171702,0
7.516705406,2.5,14.91025169,0
7.600495253,2.5,14.99815715,0
7.68616285,2.5,15.08535687,0
7.773771637,2.5,15.17177083,0
7.863387927,2.5,15.25731544,0
7.955081066,2.5,15.34190363,0
8.048923611,2.5,15.4254448,0
8.144991513,2.5,15.50784496,0
8.243364319,2.5,15.58900678,0
8.344125386,5,15.66882971,0
8.447362109,5,15.74721014,0
8.553166163,5,15.82404163,0
8.661633775,5,15.89921507,0
8.772865999,5,15.972619,0
8.886969025,5,16.04413991,0
9.004054502,5,16.11366256,0
9.124239896,5,16.18107045,0
9.247648867,5,16.24624617,0
9.374411677,5,16.30907197,0
9.504665636,5,16.36943021,0
9.638555577,5,16.42720397,0
9.776234375,5,16.48227763,0
9.917863506,5,16.5345375,0
10.06361365,5,16.58387249,0
10.21366536,5,16.63017476,0
10.36820977,5,16.67334043,0
10.52744936,5,16.71327028,0
10.69159882,5,16.74987043,0
10.86088596,5,16.78305303,0
11.03555273,5,16.81273691,0
11.21585629,5,16.83899762,0
11.40207022,5,16.86438952,0
11.59448585,5,16.88967244,0
11.79341367,5,16.91490069,0
11.99918492,5,16.93822626,0
12.21215334,5,16.96389238,0
12.43269703,5,16.98965285,0
12.66122059,5,17.01530567,0
12.89815742,5,17.04121917,0
13.14397227,5,17.06637083,0
13.39916408,5,17.09061355,0
13.6642691,5,17.11663349,0
13.93986435,5,17.14278225,0
14.22657152,5,17.16907916,0
14.5250612,5,17.19468436,0
14.8360577,5,17.21661165,0
15.16034437,5,17.23451294,0
15.49876956,5,17.24833784,0
15.85225325,5,17.25804711,0
16.22179459,5,17.26361303,0
16.60848023,5,17.26501964,0
17.01349375,5,17.26226289,0
17.43812632,5,17.2553507,0
17.88378863,5,17.24430287,0
18.3520244,5,17.2291509,0
18.84452569,5,17.20993769,0
19.36315018,5,17.18671712,0
19.90994076,5,17.1595536,0
20.48714777,5,17.12852144,0
21.09725421,5,17.09370421,0
21.74300441,5,17.05519404,0
22.42743653,5,17.01309081,0
23.15391948,5,16.96750137,0
23.92619477,5,16.91853871,0
24.74842387,5,16.86743009,0
25.62524161,5,16.81569819,-0.1
26.56181623,5,16.76251209,-0.1
31.38363506,5,16.71180859,-0.1
36.41047134,5,16.6503729,-0.1
