0,0,0,0.5
132.3153326,0,14.21825631,0.1
132.3153326,0,14.21825631,0.1
132.3153326,0,14.21825631,0.1
132.3269911,0,14.25244783,0.1
132.3502952,0,14.3211981,0.1
132.385219,0,14.42525309,0.1
128.6091005,0,14.55714865,0.1
124.8354783,0,14.68794396,0.1
121.0641503,0,14.81696833,0.1
117.2949058,-2.5,14.94359004,0.4
113.5275262,-2.5,15.06699316,0.4
98.30263002,-2.5,15.18655957,0.4
83.08200229,-5,15.27969662,0.1
67.86157015,-5,15.33903546,0.1
64.09640342,-5,15.35950035,0.1
60.3296853,-5,15.36985452,0.1
56.56118779,-5,15.37041856,0.1
52.79068949,-5,15.3609872,0.1
49.01797652,-5,15.34143171,0.1
45.24284335,-5,15.31196408,0.1
41.46509367,-5,15.27220089,0.1
37.68454122,-5,15.22308251,0.1
33.90101061,-5,15.16489224,0.1
30.1143381,-5,15.09814382,0.1
26.32437238,-9,0,0.4
22.53097534,-5,14.96205922,0
7.274866798,-2.5,15.04266895,0
7.282397968,-2.5,15.11588003,0
7.289944664,-2.5,15.18979671,0
7.297506931,-2.5,15.26446609,0
7.30508482,-2.5,15.3397854,0
7.312678377,-2.5,15.41563782,0
7.320287652,-2.5,15.49205025,0
7.327912692,-5,15.56918078,0
7.335553547,-2.5,15.64715013,0
7.343210265,-2.5,15.72586009,0
7.350882896,-2.5,15.80532144,0
7.358571489,-2.5,15.88529004,0
7.366276094,-2.5,15.96598031,0
7.37399676,-2.5,16.04745078,0
7.381733538,-2.5,16.12992594,0
7.389486478,-2.5,16.21315605,0
7.397255629,-2.5,16.29715772,0
7.405041043,-2.5,16.3817883,0
7.412842771,-2.5,16.46726605,0
7.420660863,-2.5,16.55341528,0
7.428495371,-2.5,16.64005547,0
7.436346346,-2.5,16.72755674,0
7.44421384,-2.5,16.81635666,0
7.452097906,-2.5,16.90648569,0
7.459998594,-5,16.99755518,0
7.467915957,-2.5,17.08938169,0
7.475850048,-2.5,17.18217157,0
7.483800919,-2.5,17.27591553,0
7.491768625,-2.5,17.37094681,0
7.499753217,-2.5,17.46707173,0
7.507754749,-2.5,17.5642239,0
7.515773275,-2.5,17.66221965,0
7.523808849,-2.5,17.76134559,0
7.531861524,-2.5,17.86169337,0
7.539931356,-2.5,17.96338885,0
7.548018399,-2.5,18.06634244,0
7.556122707,-2.5,18.17010141,0
7.564244335,-5,18.27172802,0
7.57238334,-5,18.37041496,0
7.580539776,-5,18.46590225,0
7.588713698,-5,18.55792413,0
7.596905164,-5,18.64621063,0
7.605114229,-5,18.73048941,0
7.61334095,-5,18.81048767,0
7.621585383,-5,18.88593446,0
7.629847585,-5,18.95656309,0
7.638127614,-5,19.02211366,0
7.646425526,-5,19.08233584,0
7.65474138,-5,19.13699163,0
7.663075234,-5,19.18585819,0
7.671427145,-5,19.22873061,0
7.679797171,-5,19.26542462,0
7.688185373,-5,19.29577908,0
7.696591808,-5,19.31965825,0
7.705016535,-5,19.3369538,0
7.713459615,-5,19.34758638,0
7.721921106,-5,19.35150684,0
7.730401069,-5,19.34869701,0
7.738899563,-5,19.33916991,0
7.74741665,-5,19.32296962,0
7.75595239,-5,19.30017057,0
7.764506843,-5,19.27087642,0
7.773080072,-5,19.23736907,0
7.781672137,-5,19.20826845,0
7.790283101,-5,19.17542537,0
7.798913025,-5,19.14405313,0
7.807561972,-5,19.11321636,0
7.816230004,-5,19.08213977,0
7.824917185,-5,19.05179918,0
7.833623576,-5,19.02033096,0
7.842349242,-5,18.98884776,0
7.851094247,-5,18.96007856,0
7.859858653,-5,18.9277582,0
7.868642527,-5,18.89789522,0
7.877445931,-5,18.86763389,0
7.886268931,-5,18.83770716,0
7.895111592,-5,18.80716001,0
7.903973979,-5,18.77125689,0
7.912856158,-5,18.72980927,0
7.921758195,-5,18.68297726,0
7.930680156,-5,18.63093752,0
7.939622107,-5,18.57388113,0
7.948584116,-5,18.51201153,0
7.95756625,0,18.50884037,0
7.966568575,0,18.73110419,0
7.97559116,0,18.95920372,0
7.984634073,0,19.19345358,0
7.993697382,0,19.43419456,0
8.002781156,0,19.68179657,0
8.011885463,0,19.93666206,0
8.021010373,0,20.19922992,-0.4
8.030155956,0,20.4699801,-0.4
23.31819682,0,20.74943879,-0.4
38.62307236,2.5,21.0270793,-0.4
53.94298454,2.5,21.28254034,-0.4
69.27504531,5,21.49364942,-0.1
84.61547699,5,21.64181464,-0.1
88.50072833,5,21.71342377,-0.1
92.38624952,5,21.76475492,-0.1
96.27173298,5,21.79490746,-0.1
100.1568713,5,21.80380421,-0.1
104.041359,5,21.79132953,-0.1
107.924894,5,21.75762474,-0.1
111.8071793,5,21.70308249,-0.1
115.6879248,5,21.62833134,-0.1
119.5668482,5,21.53421158,-0.1
123.4436772,-9,0,0.4
127.3181503,-9,0,0.4
115.9111438,5,21.14654724,-0.1
100.6912214,5,21.05770756,-0.1
100.7556108,5,21.04657428,-0.1
104.6396914,5,21.03544924,-0.1
108.5227775,0,21.1012498,0.4
112.4045747,0,21.37085352,0.4
101.0059205,-2.5,21.65776772,0.4
85.79126977,-2.5,21.92369933,0.4
70.57765142,-5,22.13895513,0.1
55.36050935,-5,22.28443439,0.1
51.59468046,-5,22.34503078,0.1
47.8263264,-5,22.3840361,0.1
44.05522244,-5,22.39974442,0.1
40.2811542,-5,22.39319174,0.1
36.50391851,-5,22.36323181,0.1
32.72332431,0,22.61632509,0.4
28.93919355,0,22.94552095,0.4
13.69220614,0,23.29758541,-0.4
-1.571052335,0,23.6857948,-0.4
-1.572863158,0,24.08614533,-0.4
13.70419638,0,24.50507029,-0.4
28.99875403,0,24.95319891,0.4
44.3097536,2.5,25.39841898,-0.4
44.35608104,2.5,25.80506049,-0.4
59.68135977,2.5,26.23109814,-0.4
75.01756528,5,26.58126395,-0.1
90.36061565,5,26.81513579,-0.1
94.24676669,5,26.90708862,-0.1
98.13273091,5,26.96150416,-0.1
102.0181986,5,26.97742793,-0.1
105.9028628,5,26.95459308,-0.1
109.7864208,5,26.89397503,-0.1
113.6685757,5,26.79613642,-0.1
117.5490384,5,26.66278919,-0.1
121.4275284,5,26.49615286,-0.1
125.303776,5,26.2988355,-0.1
129.177523,-9,0,0.4
133.0485243,-9,0,0.4
121.6376746,5,25.55210849,-0.1
106.4150447,5,25.37448075,-0.1
106.478394,5,25.32413378,-0.1
110.3614205,5,25.2736291,-0.1
114.2430086,5,25.19203484,-0.1
118.122872,5,25.08056526,-0.1
122.0007333,-2.5,25.14088048,0.4
125.8763257,-2.5,25.38652864,0.4
114.47052,-5,25.66532654,0.1
99.25154405,-5,25.86210597,0.1
95.49676732,-5,25.93387362,0.1
91.74253667,-5,25.96976876,0.1
87.98857579,-5,25.96986301,0.1
84.2346074,-5,25.93890926,0.1
80.48035426,-5,25.87143762,0.1
76.72554013,-5,25.77080209,0.1
72.96989077,-5,25.64167036,0.1
69.21313489,-5,25.48310587,0.1
65.45500518,2.5,25.68412558,-0.4
61.69523925,2.5,25.98549571,-0.4
73.21245513,5,26.32526733,-0.1
88.55448466,5,26.5855076,-0.1
92.4401505,5,26.71243075,-0.1
96.32577424,5,26.80390178,-0.1
100.2110478,5,26.85781136,-0.1
104.095665,5,26.87371212,-0.1
107.9793232,5,26.85131008,-0.1
111.8617248,5,26.79100078,-0.1
115.742579,5,26.69384491,-0.1
119.6216032,5,26.56150401,-0.1
123.4985245,5,26.39614491,-0.1
127.373081,-9,0,0.4
131.2450233,-9,0,0.4
119.8352409,5,25.72873785,-0.1
104.6132959,5,25.57821216,-0.1
104.6767823,5,25.55901997,-0.1
108.5599505,5,25.53985432,-0.1
112.441825,5,25.48804655,-0.1
116.3221175,5,25.404391,-0.1
120.2005483,5,25.29015387,-0.1
124.0768474,5,25.14700809,-0.1
127.9507561,-9,0,0.4
131.8220282,-9,0,0.4
120.4115565,5,24.56520559,-0.1
105.1889896,5,24.43338366,-0.1
105.2519808,5,24.41667381,-0.1
109.134653,5,24.39998157,-0.1
113.0159953,5,24.35462804,-0.1
116.8957222,5,24.28123228,-0.1
120.7735568,5,24.18079748,-0.1
124.6492322,5,24.05466385,-0.1
128.5224927,-9,0,0.4
132.3930952,-9,0,0.4
120.981936,5,23.54088913,-0.1
105.7587459,5,23.42392632,-0.1
105.8212364,5,23.40904262,-0.1
109.7034069,5,23.39417494,-0.1
113.5842125,5,23.3538399,-0.1
117.4633705,5,23.28860711,-0.1
121.3406068,5,23.19935659,-0.1
125.2156573,5,23.08724021,-0.1
129.0882696,-9,0,0.4
132.9582039,-9,0,0.4
121.5463596,5,22.628266,-0.1
106.3225454,5,22.52314637,-0.1
106.38453,5,22.50980177,-0.1
110.2661938,5,22.49646974,-0.1
114.1464588,5,22.46014331,-0.1
118.0250451,5,22.40129075,-0.1
121.9016813,5,22.32064563,-0.1
125.7761064,5,22.21917693,-0.1
129.6480712,5,22.09805168,-0.1
133.5173388,-9,0,0.4
137.3836867,-9,0,0.4
125.9680324,-9,0,0.4
110.7411227,5,21.51678703,-0.1
95.52226922,5,21.48413139,-0.1
95.58614499,5,21.53382385,-0.1
99.46972546,5,21.58380056,-0.1
103.3527245,5,21.61330485,-0.1
107.2348474,5,21.62198655,-0.1
111.1158039,5,21.60973957,-0.1
114.99531,5,21.57670616,-0.1
118.8730895,5,21.52327132,-0.1
122.7488751,5,21.45004772,-0.1
126.6224102,5,21.35813366,-0.1
130.4934498,5,21.24823232,-0.1
134.3617619,5,21.12147522,-0.1
138.2271283,-9,0,0.4
142.0893462,-9,0,0.4
130.6693539,5,20.6530262,-0.1
115.4387896,5,20.53493058,-0.1
115.49628,5,20.48774351,-0.1
119.3734341,5,20.44081083,-0.1
123.2485744,5,20.37640227,-0.1
127.1214474,5,20.29519963,-0.1
130.9918114,5,20.19778125,-0.1
134.8594376,5,20.08534953,-0.1
138.7241113,-9,0,0.4
142.5856329,-9,0,0.4
131.164944,5,19.6686663,-0.1
115.9336974,5,19.56259602,-0.1
115.9905654,5,19.52021083,-0.1
119.867097,5,19.47803045,-0.1
123.7415959,5,19.42011532,-0.1
127.6138118,5,19.34702666,-0.1
131.4835061,5,19.25967263,-0.1
135.3504534,5,19.15862455,-0.1
139.2144422,5,19.04476311,-0.1
143.0752761,-9,0,0.4
146.9327746,-9,0,0.4
135.5078993,5,18.63838546,-0.1
120.2730212,5,18.53130944,-0.1
120.3272096,5,18.47955982,-0.1
124.2010567,5,18.42811664,-0.1
128.0726089,5,18.36309976,-0.1
131.9416311,-9,0,0.4
135.8079009,-9,0,0.4
124.3923356,5,18.08618149,-0.1
109.1650319,5,18.01364307,-0.1
109.2240428,5,17.99044047,-0.1
113.1027301,5,17.96246847,-0.1
116.9798667,5,17.91642893,-0.1
120.8551881,5,17.85309184,-0.1
124.7284395,-9,0,0.4
128.5993764,-9,0,0.4
117.1888921,5,17.57056669,-0.1
101.9653862,5,17.49458463,-0.1
102.0262666,5,17.46494673,-0.1
105.9068382,5,17.43118068,-0.1
109.786375,5,17.38089789,-0.1
113.6645998,5,17.31488653,-0.1
117.5412422,-9,0,0.4
121.4160402,-9,0,0.4
110.0098667,5,17.03330183,-0.1
94.7893064,5,16.95690846,-0.1
94.85114467,5,16.92400253,-0.1
98.73269024,5,16.8875246,-0.1
102.6137287,5,16.83591383,-0.1
106.4939746,5,16.76993097,-0.1
110.3731469,-9,0,0.4
114.25097,-9,0,0.4
102.8483012,5,16.49583198,-0.1
87.62981519,5,16.42115303,-0.1
87.69170425,5,16.38735542,-0.1
91.57331733,5,16.35044384,-0.1
95.45495545,5,16.29958694,-0.1
99.33633003,5,16.23549355,-0.1
103.2171539,-9,0,0.4
107.0971427,-9,0,0.4
95.69714227,5,15.97302514,-0.1
80.4798459,5,15.90145118,-0.1
80.54088832,5,15.86844939,-0.1
84.42167104,5,15.83270094,-0.1
88.30300876,5,15.78400546,-0.1
92.18461447,5,15.72300873,-0.1
96.06619975,-9,0,0.4
99.94747629,-9,0,0.4
88.54928287,5,15.47457574,-0.1
73.3322831,5,15.40695771,-0.1
73.39159551,5,15.37590266,-0.1
77.2706632,5,15.34239244,-0.1
81.15080685,5,15.29676677,-0.1
85.03174583,5,15.23960498,-0.1
88.91319527,-9,0,0.4
92.7948676,-9,0,0.4
81.39759954,5,15.00643526,-0.1
66.17999936,5,14.94325229,-0.1
66.23671683,5,14.91490321,-0.1
70.11320241,5,14.88433024,-0.1
73.9912693,5,14.84233299,-0.1
77.87064787,5,14.78942501,-0.1
81.75106161,5,14.72623533,-0.1
85.63222849,-9,0,0.4
89.5138625,-9,0,0.4
78.11680062,5,14.48259538,-0.1
62.8987051,5,14.41510322,-0.1
62.95402294,5,14.3798513,-0.1
66.82911401,5,14.34275783,-0.1
70.70601337,5,14.29535249,-0.1
74.58445762,5,14.23817937,-0.1
78.46417525,-9,0,0.4
82.34488799,-9,0,0.4
70.94743779,5,14.01476984,-0.1
55.72743401,-9,0,0.4
55.77893389,-9,0,0.4
40.55162228,-9,0,0.4
25.31332284,-9,0,0.4
10.06115933,-9,0,0
-5.206789672,2.5,13.9860826,0
-5.212471309,2.5,14.07639122,0
-5.218165325,2.5,14.16657681,0
-5.223871761,2.5,14.25659136,0
-5.229590656,2.5,14.346384,0
-5.235322051,2.5,14.43590093,0
-5.241065988,2.5,14.52508535,0
-5.246822508,2.5,14.61387734,0
-5.252591651,2.5,14.70221381,0
-5.258373459,2.5,14.79002842,0
-5.264167975,2.5,14.87725154,0
-5.269975238,2.5,14.96381018,0
-5.275795293,2.5,15.04962797,0
-5.28162818,2.5,15.13462516,0
-5.287473943,2.5,15.21871861,0
-5.293332623,2.5,15.30182182,0
-5.299204264,2.5,15.38384498,0
-5.305088909,2.5,15.46469504,0
-5.310986599,2.5,15.54427583,0
-5.31689738,2.5,15.62248817,0
-5.322821294,2.5,15.69923006,0
-5.328758386,2.5,15.77439685,0
-5.334708698,2.5,15.84788152,0
-5.340672275,2.5,15.91957492,0
-5.346649161,5,15.9893661,0
-5.352639402,5,16.05714268,0
-5.35864304,5,16.12279124,0
-5.364660122,5,16.18619773,0
-5.370690693,5,16.24724799,0
-5.376734797,5,16.30582824,0
-5.38279248,5,16.36279768,0
-5.388863788,5,16.42025791,0
-5.394948767,5,16.47877068,0
-5.401047463,5,16.53778987,0
-5.407159921,5,16.59729028,0
-5.413286189,5,16.65704305,0
-5.419426314,5,16.71719033,0
-5.425580342,5,16.7769445,0
-5.43174832,5,16.83719676,0
-5.437930296,5,16.89860348,0
-5.444126317,5,16.96008218,0
-5.450336431,5,17.02147647,0
-5.456560686,5,17.08490841,0
-5.46279913,5,17.14900413,0
-5.469051812,5,17.21183954,0
-5.475318781,5,17.27516081,0
-5.481600084,5,17.33976791,0
-5.487895772,5,17.4044747,0
-5.494205894,5,17.46911252,0
-5.500530498,5,17.5358396,0
-5.506869635,5,17.60340975,0
-5.513223356,5,17.6696614,0
-5.519591709,5,17.73640199,0
-5.525974746,5,17.80454035,0
-5.532372517,5,17.8728469,0
-5.538785073,5,17.94107612,0
-5.545212466,5,18.01043818,0
-5.551654746,5,18.08076139,0
-5.558111966,5,18.15186038,0
-5.564584177,5,18.22351268,0
-5.571071431,5,18.29559055,0
-5.57757378,5,18.36792089,0
-5.584091278,5,18.44016408,0
-5.590623977,5,18.51247345,0
-5.59717193,5,18.58108198,0
-5.60373519,5,18.64506581,0
-5.610313812,5,18.70420189,0
-5.616907848,5,18.75827702,0
-5.623517353,5,18.80709016,0
-5.630142381,5,18.85045472,0
-5.636782987,5,18.88820074,0
-5.643439226,5,18.920177,0
-5.650111152,5,18.94625298,0
-5.656798822,5,18.96632056,0
-5.663502289,5,18.9802955,0
-5.670221612,5,18.9881186,0
-5.676956845,5,18.98975652,0
-5.683708045,5,18.98520227,0
-5.690475269,5,18.97447528,0
-5.697258573,5,18.95762116,0
-5.704058015,5,18.93471103,0
-5.710873652,5,18.90584054,0
-5.717705543,5,18.87112857,0
-5.724553744,5,18.83071562,0
-5.731418315,-5,18.78547868,0
-5.738299313,-5,18.87688656,0
-5.745196798,-5,18.96942288,0
-5.752110829,-5,19.06261636,0
-5.759041465,-5,19.15645767,0
-5.765988766,-5,19.2512734,0
-5.772952792,-5,19.34708281,0
-5.779933604,-5,19.44390569,0
-5.78693126,-5,19.542034,0
-5.793945824,-5,19.64125575,0
-5.800977355,-5,19.74156359,0
-5.808025915,-5,19.84298005,0
-5.815091566,-2.5,19.94597885,0
-5.82217437,-5,20.05064209,0.4
-5.829274389,-5,20.15652037,0.4
-21.11526622,-5,20.26364062,0.4
-36.41941435,-5,20.30313591,0.4
-51.73998133,-5,20.27014942,0.4
-67.07403961,-9,0,-0.4
-82.41767272,-9,0,-0.4
-82.4873818,-9,0,-0.4
-67.27823872,-9,0,-0.4
-52.06427151,-5,19.4509488,0.4
-36.8409386,-5,19.35844818,0.4
-36.88320467,-5,19.32869841,0.4
-52.20442855,-5,19.29919656,0.4
-67.53910217,-9,0,-0.4
-82.88326435,-9,0,-0.4
-82.95337761,-9,0,-0.4
-67.74463756,-9,0,-0.4
-52.53119738,-5,18.5652572,0.4
-37.30847946,-5,18.48236211,0.4
-37.35140623,-5,18.455725,0.4
-52.67329198,-5,18.42902126,0.4
-68.00858268,-9,0,-0.4
-83.35327231,-9,0,-0.4
-83.42378486,-9,0,-0.4
-68.21544288,5,18.10942602,-0.4
-53.00252797,5,18.11169508,-0.4
-37.78042658,-9,0,-0.4
-22.54514428,-9,0,0
-7.293582723,-9,0,0
-7.302637647,-5,17.70854747,0
-7.311714961,-5,17.76516012,0
-7.320814746,-5,17.82165604,0
-7.329937085,-5,17.87881186,0
-7.339082063,-5,17.93604012,0
-7.348249763,-5,17.99397018,0
-7.357440269,-5,18.05195001,0
-7.366653666,-5,18.11067557,0
-7.375890039,-5,18.16940679,0
-7.385149474,-5,18.22891573,0
-7.394432057,-5,18.28843176,0
-7.403737874,-5,18.34878704,0
-7.413067012,-5,18.4091091,0
-7.422419559,-5,18.47033512,0
-7.431795602,-5,18.5314853,0
-7.441195228,-5,18.5936075,0
-7.450618528,-5,18.65562254,0
-7.460065589,-5,18.71865381,0
-7.469536502,-5,18.78158912,0
-7.479031356,-5,18.84552582,0
-7.488550241,-5,18.9094091,0
-7.498093249,-5,18.97429793,0
-7.507660471,-5,19.03919146,0
-7.517251998,-5,19.10504859,0
-7.526867923,-5,19.17094236,0
-7.536508338,-5,19.23779711,0
-7.546173336,-5,19.30472243,0
-7.555863012,-5,19.37260549,0
-7.565577458,-5,19.44055753,0
-7.57531677,-5,19.50947279,0
-7.585081043,-5,19.5785312,0
-7.594870372,-5,19.64853015,0
-7.604684854,-5,19.71873151,0
-7.614524584,-5,19.78984874,0
-7.624389659,-5,19.86123151,0
-7.634280178,-5,19.9335033,0
-7.644196238,-5,20.00610787,0.4
-7.654137937,-5,20.07957229,0.4
-22.94297991,-5,20.15344118,0.4
-38.25106121,-5,20.15805361,0.4
-53.57636994,-5,20.09283061,0.4
-68.91564144,-9,0,-0.4
-84.26458383,-9,0,-0.4
-84.33931298,-9,0,-0.4
-69.13518692,-9,0,-0.4
-53.92653412,-5,19.18402027,0.4
-38.70844727,-5,19.06764482,0.4
-38.75552728,-5,19.01017576,0.4
-54.08157841,-5,18.9528763,0.4
-69.42153229,-9,0,-0.4
-84.7710473,-9,0,-0.4
-84.84619738,-9,0,-0.4
-69.64249072,-9,0,-0.4
-54.43440753,-5,18.15060601,0.4
-39.21700169,-5,18.04752261,0.4
-39.26482747,-5,17.9961552,0.4
-54.59162565,-5,17.94538165,0.4
-69.93226255,-9,0,-0.4
-85.28234671,-9,0,-0.4
-85.35791041,-9,0,-0.4
-70.15461575,-9,0,-0.4
-54.94709854,-5,17.22854193,0.4
-39.73037406,-5,17.13583612,0.4
-39.77894996,-5,17.09019226,0.4
-55.10649954,-5,17.04459272,0.4
-70.44781968,-9,0,-0.4
-85.79846908,-9,0,-0.4
-85.87443858,-9,0,-0.4
-70.67154808,-9,0,-0.4
-55.46459274,-5,16.39527652,0.4
-40.24854957,-5,16.3108692,0.4
-40.29787961,-5,16.26879256,0.4
-55.62618456,-5,16.22718299,0.4
-70.96818776,-9,0,-0.4
-86.31939801,-9,0,-0.4
-86.39576505,0,16.15438404,-0.1
-71.19327038,0,16.318684,-0.1
-67.44602824,0,16.49084973,-0.1
-63.69705423,0,16.66573227,-0.1
-59.94604837,0,16.84262487,-0.1
-56.19271778,0,17.02068154,-0.1
-52.43677772,0,17.19882683,-0.1
-48.67795274,0,17.37614441,-0.1
-44.91597768,0,17.55249702,-0.1
-41.15059882,2.5,17.72684055,-0.1
-37.38157487,2.5,17.89686034,-0.1
-33.60867811,2.5,18.0628352,-0.1
-29.83169535,2.5,18.22358195,-0.1
-26.05042896,2.5,18.37534492,-0.1
-22.26469791,2.5,18.51608071,0
-18.47433868,2.5,18.64385576,0
-18.49892484,5,18.75676948,0
-18.52357423,5,18.86667148,0
-18.54828708,5,18.97325125,0
-18.57306363,5,19.07618853,0
-18.59790412,5,19.17515513,0
-18.62280879,5,19.26981712,0
-18.64777787,5,19.35983733,0
-18.6728116,5,19.44487828,0
-18.69791023,5,19.52460535,0
-18.72307401,5,19.59869028,0
-18.74830316,5,19.66681493,0
-18.77359795,5,19.72867519,0
-18.79895862,5,19.78398495,0
-18.8243854,5,19.83248018,0
-18.84987856,5,19.87392279,0
-18.87543835,5,19.90810429,0
-18.90106501,5,19.93484922,0
-18.92675879,5,19.95401801,0
-18.95251996,5,19.96573305,0
-18.97834876,5,19.97519013,0
-19.00424546,5,19.98487514,0
-19.0302103,5,19.99588166,0
-19.05624355,5,20.00691139,-0.4
-19.08234547,5,20.01668904,-0.4
-3.82964178,5,20.02625543,-0.4
11.44387867,5,19.96771421,0
26.73868,-9,0,0.4
26.7748418,-9,0,0.4
11.53221976,5,19.50011885,0
-3.730544281,5,19.38335788,0
-3.735794866,5,19.32819368,0
-3.74106023,5,19.27473617,0
-3.746340436,5,19.22156768,0
-3.751635547,5,19.16746342,0
-3.756945626,5,19.11365665,0
-3.762270737,5,19.06099479,0
-3.767610943,5,19.00911115,0
-3.772966308,5,18.95705626,0
-3.778336898,5,18.90419488,0
-3.783722776,5,18.85162339,0
-3.789124009,5,18.80099152,0
-3.794540661,5,18.75063646,0
-3.7999728,5,18.69966984,0
-3.80542049,5,18.64867923,0
-3.8108838,5,18.59846395,0
-3.816362796,5,18.54926588,0
-3.821857546,5,18.50037356,0
-3.827368118,5,18.45172319,0
-3.83289458,5,18.40334944,0
-3.838437001,5,18.35408976,0
-3.843995449,5,18.30476886,0
-3.849569996,5,18.25636542,0
-3.855160709,5,18.2090908,0
-3.86076766,5,18.16184075,0
-3.86639092,5,18.11386527,0
-3.87203056,5,18.06619344,0
-3.87768665,5,18.0197589,0
-3.883359264,-5,17.9910778,0
-3.889048473,-5,18.02167601,0
-3.894754351,-5,18.04750184,0
-3.90047697,-5,18.06846851,0
-3.906216405,-5,18.08450469,0
-3.911972729,-5,18.09555526,0
-3.917746017,-5,18.10272979,0
-3.923536344,-5,18.10971943,0
-3.929343785,-5,18.11665616,0
-3.935168416,-5,18.12441619,0
-3.941010314,-5,18.13232896,0
-3.946869556,-5,18.14014328,0
-3.952746218,-5,18.14754513,0
-3.958640378,-5,18.15498172,0
-3.964552114,-5,18.16232603,0
-3.970481506,-5,18.16935751,0
-3.976428631,-5,18.17634834,0
-3.98239357,-5,18.18339074,0
-3.988376403,-5,18.19039333,0
-3.99437721,-5,18.19744668,0
-4.000396072,-5,18.20491003,0
-4.00643307,-5,18.21279984,0
-4.012488288,-5,18.220789,0
-4.018561806,-5,18.22818015,0
-4.024653708,-5,18.23521602,0
-4.030764078,-5,18.24230883,0
-4.036892999,-5,18.24966687,0
-4.043040555,-5,18.25719934,0
-4.049206833,-5,18.2646861,0
-4.055391917,-5,18.27186851,0
-4.061595894,-5,18.27895022,0
-4.067818849,-5,18.28606844,0
-4.074060871,-5,18.29316221,0
-4.080322046,-5,18.30029161,0
-4.086602463,-5,18.30757657,0
-4.09290221,-5,18.31556996,0
-4.099221377,-5,18.32364474,0
-4.105560053,-5,18.33139206,0
-4.11191833,-5,18.33852,0
-4.118296297,-5,18.34568973,0
-4.124694046,-5,18.35300283,0
-4.131111669,-5,18.36063367,0
-4.137549259,-5,18.36820137,0
-4.144006908,-5,18.37560312,0
-4.150484712,-5,18.38277808,0
-4.156982763,-5,18.38997374,0
-4.163501158,-5,18.39716109,0
-4.17003999,-5,18.40436818,0
-4.176599358,-5,18.41156795,0
-4.183179356,-5,18.41956983,0
-4.189780083,-5,18.42773206,0
-4.196401636,-5,18.43584447,0
-4.203044115,-5,18.44306689,0
-4.209707617,-5,18.45031521,0
-4.216392244,-5,18.45758223,0
-4.223098095,-5,18.46531401,0
-4.229825271,-5,18.4729644,0
-4.236573874,-5,18.48059087,0
-4.243344007,-5,18.48786156,0
-4.250135773,-5,18.49513635,0
-4.256949275,-5,18.50208392,0
-4.263784617,-5,18.50463542,0
-4.270641904,-5,18.50164855,0
-4.277521243,-5,18.49313474,0
-4.284422739,-5,18.4791264,0
-4.2913465,-5,18.45967656,0
-4.298292632,-5,18.43485817,0
-4.305261246,-5,18.40476325,0
-4.312252449,-5,18.36950171,0
-4.319266351,-5,18.3292001,0
-4.326303064,-5,18.28400014,0
-4.333362698,-5,18.23405715,0
-4.340445365,-5,18.17953835,0
-4.347551178,-5,18.12062122,0
-4.35468025,-5,18.0574917,0
-4.361832696,-5,17.99034248,0
-4.36900863,-5,17.91937135,0
-4.376208169,-5,17.84477957,0
-4.383431428,-5,17.76677033,0
-4.390678524,-5,17.68554733,0
-4.397949576,-5,17.60131345,0
-4.405244703,-5,17.5142696,0
-4.412564024,-5,17.42461362,0
-4.419907659,-5,17.33253935,0
-4.427275729,-9,0,0
-4.434668356,-9,0,0
-4.442085664,-9,0,0
-4.449527775,-9,0,0
-4.456994814,-9,0,0
-4.464486906,-9,0,0
-4.472004178,-9,0,0
-4.479546755,-9,0,0
-4.487114767,-9,0,0
-4.49470834,-9,0,0
-4.502327606,-9,0,0
-4.509972694,-9,0,0
-4.517643735,-9,0,0
-4.525340861,-9,0,0
-4.533064207,-9,0,0
-4.540813904,-9,0,0
-4.548590089,-9,0,0
-4.556392897,-9,0,0
-4.564222465,-9,0,0
-4.572078929,-9,0,0
-4.57996243,-9,0,0
-4.587873106,-9,0,0
-4.595811098,-9,0,0
-4.603776547,-9,0,0
-4.611769595,-9,0,0
-4.619790387,-9,0,0
-4.627839065,-9,0,0
-4.635915777,-9,0,0
-4.644020667,-9,0,0
-4.652153884,-9,0,0
-4.660315576,-9,0,0
-4.668505893,-9,0,0
-4.676724984,-9,0,0
-4.684973002,-9,0,0
-4.693250099,-9,0,0
-4.701556428,-9,0,0
-4.709892146,-9,0,0
-4.718257406,-9,0,0
-4.726652368,-9,0,0
-4.735077187,-9,0,0
-4.743532025,-9,0,0
-4.752017041,-9,0,0
-4.760532396,-9,0,0
-4.769078254,0,13.98553217,0
-4.777654777,0,14.11608016,0
-4.786262132,0,14.24859454,0
-4.794900484,0,14.38313463,0
-4.80357,0,14.51976242,0
-4.812270849,0,14.65854275,0
-4.821003202,0,14.79954349,0
-4.829767228,0,14.94283569,0
-4.8385631,0,15.08849383,0
-4.847390992,0,15.236596,0
-4.856251078,0,15.38722415,0
-4.865143535,0,15.54046434,0
-4.874068539,0,15.69640701,0
-4.883026269,0,15.85514727,0
-4.892016905,0,16.01678524,0
-4.901040629,0,16.18142637,0
-4.910097622,0,16.34918184,0
-4.919188069,0,16.52016896,0
-4.928312155,0,16.6945116,0
-4.937470067,0,16.87234069,0
-4.946661992,0,17.05379474,0
-4.95588812,0,17.23902044,0
-4.965148641,0,17.42817324,0
-4.974443749,0,17.62141807,0
-4.983773636,0,17.81893008,0
-4.993138497,0,18.02089546,0
-5.00253853,0,18.22751236,0
-5.011973931,0,18.43899182,0
-5.021444902,0,18.65555891,0
-5.030951641,0,18.8774539,0
-5.040494353,0,19.10493352,0
-5.050073241,0,19.33827245,0
-5.059688511,0,19.57776481,0
-5.069340369,0,19.82372592,0
-5.079029025,0,20.07649416,-0.4
-5.088754688,0,20.33643298,-0.4
10.18035697,0,20.60393314,-0.4
25.47872254,2.5,20.85074318,-0.4
40.80511785,2.5,21.053314,-0.4
56.15628753,5,21.18942044,-0.1
71.52714538,5,21.24252199,-0.1
75.45197036,5,21.20579339,-0.1
79.37900416,5,21.13974885,-0.1
83.30773199,5,21.04599139,-0.1
87.23762889,5,20.92669672,-0.1
91.16816288,-9,0,0.4
95.09879814,-9,0,0.4
83.7501237,5,20.44289351,-0.1
68.58153335,5,20.30546691,-0.1
68.68488786,5,20.22831667,-0.1
72.60810669,5,20.14442391,-0.1
76.53390739,5,20.03809226,-0.1
80.46178276,-9,0,0.4
84.39121322,-9,0,0.4
73.04279534,5,19.60655068,-0.1
57.87041394,5,19.48482834,-0.1
57.96479391,5,19.42205709,-0.1
61.87908747,5,19.35977313,-0.1
65.79729038,5,19.28319362,-0.1
69.71894084,5,19.19247956,-0.1
73.64355682,5,19.08781596,-0.1
77.57063875,-9,0,0.4
81.49967237,-9,0,0.4
70.15125719,5,18.70473154,-0.1
54.97777119,5,18.60631888,-0.1
55.069631,5,18.56450792,-0.1
58.98141562,5,18.52265689,-0.1
62.89746939,5,18.46644523,-0.1
66.8173437,5,18.39698712,-0.1
70.74056761,5,18.31501161,-0.1
74.66665046,5,18.22074482,-0.1
78.59508462,-9,0,0.4
82.52534838,-9,0,0.4
71.17803452,5,17.87295454,-0.1
56.00599628,5,17.78348682,-0.1
56.09968111,5,17.74533497,-0.1
60.0132909,5,17.70732159,-0.1
63.93108463,5,17.65632322,-0.1
67.85260417,5,17.59296278,-0.1
71.77736956,5,17.51809323,-0.1
75.70488165,5,17.43218876,-0.1
79.63462492,-9,0,0.4
83.56607045,-9,0,0.4
72.21980454,5,17.1139233,-0.1
57.04917448,5,17.03188696,-0.1
57.14466563,5,16.99697388,-0.1
61.06008141,5,16.96171546,-0.1
64.97958987,5,16.91475581,-0.1
68.90272348,5,16.85690627,-0.1
72.82899338,5,16.78820238,-0.1
76.7578921,5,16.7090617,-0.1
80.68889643,-9,0,0.4
84.62147048,-9,0,0.4
73.27619436,5,16.41609221,-0.1
58.1069279,5,16.34018921,-0.1
58.20420161,5,16.307962,-0.1
62.12139915,5,16.27550758,-0.1
66.04259201,5,16.22953424,-0.1
69.9673034,5,16.17024002,-0.1
73.89503572,5,16.09842685,-0.1
77.82527335,-9,0,0.4
81.75748567,-9,0,0.4
70.41225555,5,15.8176984,-0.1
55.24190702,5,15.73979269,-0.1
55.33665359,5,15.69920166,-0.1
59.25133597,5,15.65611035,-0.1
63.17038206,5,15.60070513,-0.1
67.09332836,5,15.5336974,-0.1
71.01968842,-9,0,0.4
74.94895555,-9,0,0.4
63.60173112,5,15.27179591,-0.1
48.42677131,5,15.19935623,-0.1
48.51367737,5,15.16216548,-0.1
52.42053583,5,15.12274686,-0.1
56.33255626,5,15.0718277,-0.1
60.2493168,5,15.01003357,-0.1
64.17036818,-9,0,0.4
68.09523605,-9,0,0.4
56.74454899,5,14.77049005,-0.1
41.56354715,5,14.70791539,-0.1
41.64131605,5,14.68045737,-0.1
45.53904174,5,14.65398046,-0.1
49.44267113,5,14.61861016,-0.1
53.35183109,5,14.57445923,-0.1
57.26611725,5,14.52186125,-0.1
61.18509583,5,14.46119732,-0.1
65.1083058,-9,0,0.4
69.03526123,-9,0,0.4
57.68657941,-2.5,14.32564451,0.4
42.50779979,-5,14.40623609,0.1
27.30907363,-5,14.45363632,0.1
23.54387557,-5,14.46336113,0
19.77171634,-5,14.46173454,0
19.8120707,-5,14.44877647,0
19.85258347,-5,14.43368657,0
19.89325554,-5,14.41648714,0
19.93408781,-5,14.39720334,0
19.97508119,-5,14.37586313,0
20.01623658,-5,14.3524971,0
20.05755492,5,14.37803035,0
20.09903712,5,14.4048196,0
20.14068413,5,14.42960679,0
20.18249687,5,14.45235654,0
20.2244763,5,14.47303596,0
20.26662337,5,14.4916148,0
20.30893904,5,14.50806559,0
20.35142427,5,14.52236378,0
20.39408005,5,14.53448784,0
20.43690734,5,14.54441942,0
20.47990715,5,14.55214335,0
20.52308047,5,14.55764782,0
20.56642829,5,14.56092436,0
20.60995164,5,14.56196792,0
20.65365152,5,14.5607769,0
20.69752896,5,14.55735312,0
20.741585,5,14.55170186,0
20.78582068,5,14.54383182,0
20.83023704,5,14.53375504,0
20.87483514,5,14.52148688,0
20.91961604,5,14.50704592,0
20.96458081,5,14.49045389,0
21.00973054,5,14.47173554,0
21.0550663,5,14.45091851,0
21.1005892,5,14.42803324,0
21.14630034,5,14.40311279,0
21.19220083,0,14.43414909,0
21.23829179,0,14.55426157,0
21.28457434,0,14.67616245,0
21.33104963,0,14.80046987,0
21.3777188,0,14.9260396,0
21.424583,0,15.05284533,0
21.47164339,0,15.18226006,0
21.51890114,0,15.31305913,0
21.56635744,0,15.44654823,0
21.61401348,0,15.58237427,0
21.66187044,0,15.71967463,0
21.70992954,0,15.85888316,0
21.75819199,0,16.00087166,0
21.80665901,0,16.14444113,0
21.85533184,-2.5,16.28959148,0
21.90421173,-2.5,16.4363189,0
21.95329992,-2.5,16.58461539,0
22.00259768,-2.5,16.73446814,0
22.05210627,-2.5,16.88585891,0
22.10182699,-2.5,17.03876336,0
22.15176111,-2.5,17.19315023,0
22.20190995,-2.5,17.34898048,0
22.2522748,-2.5,17.50620637,0
22.302857,-2.5,17.66477037,0
22.35365787,-2.5,17.82460401,0
22.40467875,-2.5,17.98562665,0
22.45592099,-2.5,18.14774408,0
22.50738596,-2.5,18.31084704,0
22.55907503,-2.5,18.47480958,0
22.61098957,-2.5,18.63948741,0
22.66313099,-2.5,18.80471598,0
22.71550068,-2.5,18.97030862,0
22.76810006,-2.5,19.13605446,0
22.82093055,-2.5,19.3017164,0
22.8739936,-2.5,19.467029,0
22.92729064,-2.5,19.63169639,0
22.98082314,-2.5,19.79539027,0
23.03459257,-2.5,19.95774804,0
23.0886004,-2.5,20.11837121,0.4
23.14284813,-2.5,20.27682411,0.4
7.918462729,-5,20.43263306,0.4
-7.341266307,-5,20.51839521,0.4
-22.63794155,-5,20.52370324,0.4
-37.97055746,-9,0,-0.4
-53.33550052,-9,0,-0.4
-53.44787672,-9,0,-0.4
-38.28170615,-9,0,-0.4
-23.0899178,-5,19.74433137,0
-7.866295417,-5,19.64723074,0
-7.885624465,-5,19.60817892,0
-7.905048132,-5,19.56240136,0
-7.924567111,-5,19.51011226,0
-7.9441821,-5,19.45154989,0
-7.963893805,-5,19.3869732,0
-7.983702939,-5,19.31665836,0
-8.003610219,-5,19.24089521,0
-8.023616374,-5,19.15998384,0
-8.043722137,-5,19.07423121,0
-8.063928247,-5,18.98394805,0
-8.084235454,-5,18.88944593,0
-8.104644513,-5,18.79103461,0
-8.125156186,-5,18.68901972,0
-8.145771245,-5,18.58370065,0
-8.166490467,-5,18.47536887,0
-8.187314639,-5,18.36430641,0
-8.208244554,-9,0,0
-8.229281015,-9,0,0
-8.250424831,-9,0,0
-8.27167682,-9,0,0
-8.293037809,-9,0,0
-8.314508633,-9,0,0
-8.336090134,-9,0,0
-8.357783165,-9,0,0
-8.379588586,-9,0,0
-8.401507266,-9,0,0
-8.423540084,-9,0,0
-8.445687926,-9,0,0
-8.46795169,-9,0,0
-8.490332282,-9,0,0
-8.512830615,-9,0,0
-8.535447615,-9,0,0
-8.558184216,-9,0,0
-8.581041362,-9,0,0
-8.604020007,-9,0,0
-8.627121114,-9,0,0
-8.650345659,-9,0,0
-8.673694624,-9,0,0
-8.697169005,-9,0,0
-8.720769807,-9,0,0
-8.744498047,-9,0,0
-8.76835475,-9,0,0
-8.792340954,-9,0,0
-8.816457709,-9,0,0
-8.840706074,-9,0,0
-8.865087121,-9,0,0
-8.889601933,-9,0,0
-8.914251605,-9,0,0
-8.939037244,-9,0,0
-8.963959968,-9,0,0
-8.989020909,-9,0,0
-9.014221209,-9,0,0
-9.039562024,-9,0,0
-9.065044523,-9,0,0
-9.090669888,-9,0,0
-9.116439313,-9,0,0
-9.142354005,-9,0,0
-9.168415186,-9,0,0
-9.19462409,-9,0,0
-9.220981966,-9,0,0
-9.247490077,-9,0,0
-9.274149699,-9,0,0
-9.300962124,-9,0,0
-9.327928656,-9,0,0
-9.355050616,-9,0,0
-9.38232934,-9,0,0
-9.409766179,-9,0,0
-9.437362498,-9,0,0
-9.465119678,-9,0,0
-9.493039118,-9,0,0
-9.521122231,-9,0,0
-9.549370447,-9,0,0
-9.577785212,-9,0,0
-9.60636799,-9,0,0
-9.63512026,-9,0,0
-9.66404352,-9,0,0
-9.693139286,-9,0,0
-9.722409089,-9,0,0
-9.751854482,-9,0,0
-9.781477032,-9,0,0
-9.811278327,-9,0,0
-9.841259975,-9,0,0
-9.8714236,-9,0,0
-9.901770847,-9,0,0
-9.932303382,-9,0,0
-9.963022888,-9,0,0
-9.993931071,-9,0,0
-10.02502966,-9,0,0
-10.05632039,-9,0,0
-10.08780504,-9,0,0
-10.11948539,-9,0,0
-10.15136326,-9,0,0
-10.18344048,-9,0,0
-10.21571891,-9,0,0
-10.24820041,-9,0,0
-10.2808869,-9,0,0
-10.3137803,-9,0,0
-10.34688256,-9,0,0
-10.38019565,-9,0,0
-10.41372157,-9,0,0
-10.44746234,-9,0,0
-10.48142001,-9,0,0
-10.51559666,-9,0,0
-10.54999438,-9,0,0
-10.58461531,-9,0,0
-10.61946159,-9,0,0
-10.65453541,-9,0,0
-10.68983897,-9,0,0
-10.72537453,-9,0,0
-10.76114433,-9,0,0
-10.79715068,-9,0,0
-10.8333959,-9,0,0
-10.86988235,-9,0,0
-10.90661242,-9,0,0
-10.94358852,-9,0,0
-10.9808131,-9,0,0
-11.01828864,-9,0,0
-11.05601766,0,14.05164151,0
-11.09400271,0,14.18057348,0
-11.13224636,0,14.31134049,0
-11.17075123,0,14.44399196,0
-11.20951998,0,14.57857914,0
-11.24855528,0,14.71515517,0
-11.28785986,0,14.85377521,0
-11.32743648,0,14.99449645,0
-11.36728794,0,15.13737827,0
-11.40741706,0,15.28248227,0
-11.44782672,0,15.42987237,0
-11.48851984,0,15.5796149,0
-11.52949935,0,15.73177871,0
-11.57076827,0,15.88643521,0
-11.61232961,0,16.04365849,0
-11.65418645,0,16.20352539,0
-11.69634192,0,16.36611558,0
-11.73879917,0,16.53151162,0
-11.7815614,0,16.69979901,0
-11.82463187,0,16.87106628,0
-11.86801388,0,17.04540496,0
-11.91171076,0,17.22290962,0
-11.9557259,0,17.40367786,0
-12.00006275,0,17.58781022,0
-12.04472478,0,17.77541008,0
-12.08971554,0,17.96658356,0
-12.1350386,0,18.1614392,0
-12.18069761,0,18.36008775,0
-12.22669627,0,18.56264167,0
-12.2730383,0,18.76921468,0
-12.31972751,0,18.97992094,0
-12.36676776,0,19.19490529,0
-12.41416295,0,19.41507789,0
-12.46191705,0,19.64097361,0
-12.51003409,0,19.87289655,0
-12.55851815,0,20.11153446,-0.4
-12.60737337,0,20.35713942,-0.4
2.62227057,0,20.6099466,-0.4
17.91150506,0,20.89116122,-0.4
33.26028376,0,21.18248932,0.4
48.66423159,2.5,21.46298743,-0.4
48.83591514,2.5,21.71051743,-0.4
64.28737755,2.5,21.96629928,-0.4
79.77316261,5,22.1668529,-0.1
95.27819801,5,22.28963331,-0.1
99.32666797,5,22.3132161,-0.1
103.3729262,5,22.30089892,-0.1
107.4157859,5,22.25303882,-0.1
111.4540868,5,22.17100027,-0.1
115.4867035,5,22.05703927,-0.1
119.5125539,-9,0,0.4
123.5306065,-9,0,0.4
112.2610127,5,21.55553873,-0.1
97.19227613,5,21.41329139,-0.1
97.41743752,5,21.33943724,-0.1
101.4620874,5,21.25636565,-0.1
105.5039352,5,21.14605605,-0.1
109.5418236,-9,0,0.4
113.5746256,-9,0,0.4
102.3223787,5,20.67862787,-0.1
87.2638665,5,20.54657555,-0.1
87.48920874,5,20.47692347,-0.1
91.53434735,5,20.39979131,-0.1
95.57959616,5,20.29876981,-0.1
99.62376926,-9,0,0.4
103.6656891,-9,0,0.4
92.42532114,5,19.8805455,-0.1
77.37136787,5,19.77279536,-0.1
77.59123176,5,19.73020909,-0.1
81.63118618,5,19.68789,-0.1
85.67413347,5,19.62943334,-0.1
89.71890568,5,19.55543376,-0.1
93.76432076,5,19.46662256,-0.1
97.80919165,5,19.36384525,-0.1
101.8523355,-9,0,0.4
105.8925829,-9,0,0.4
94.64991219,5,18.98159246,-0.1
79.59531248,5,18.88435824,-0.1
79.81678333,5,18.84593781,-0.1
83.85828079,5,18.80766769,-0.1
87.90212704,5,18.75480024,-0.1
91.94714675,5,18.68785363,-0.1
95.99215554,5,18.60744831,-0.1
100.0359691,5,18.51430204,-0.1
104.0774123,-9,0,0.4
108.1153285,-9,0,0.4
96.86971336,5,18.16698283,-0.1
81.81379706,5,18.07842173,-0.1
82.03620174,5,18.04336853,-0.1
86.07856687,5,18.00848957,-0.1
90.1226323,5,17.96028455,-0.1
94.16722008,5,17.89917973,-0.1
98.2111482,5,17.82572204,-0.1
102.2532398,5,17.74054831,-0.1
106.2923321,-9,0,0.4
110.3272856,-9,0,0.4
99.07811754,5,17.42227561,-0.1
84.02023384,5,17.34094432,-0.1
84.2428991,5,17.30882169,-0.1
88.28545761,5,17.27685482,-0.1
92.32907002,5,17.23261532,-0.1
96.37256041,5,17.17639426,-0.1
100.4147538,5,17.10877787,-0.1
104.4544853,5,17.03033161,-0.1
108.4906089,-9,0,0.4
112.5220061,-9,0,0.4
101.2687199,5,16.73664332,-0.1
86.20824851,5,16.66146774,-0.1
86.43051289,5,16.63168873,-0.1
90.47260353,5,16.60201783,-0.1
94.51510999,5,16.56100414,-0.1
98.55686297,5,16.50896563,-0.1
102.596699,5,16.44633368,-0.1
106.6334693,5,16.37332046,-0.1
110.6660486,-9,0,0.4
114.6933434,-9,0,0.4
103.4354255,5,16.09010532,-0.1
88.37178647,5,16.01574761,-0.1
88.59301148,5,15.98299192,-0.1
92.63399709,5,15.95039828,-0.1
96.67477469,5,15.90752636,-0.1
100.7141859,5,15.85456964,-0.1
104.7510829,5,15.79194097,-0.1
108.7843369,-9,0,0.4
112.8128471,-9,0,0.4
101.5566736,5,15.55111975,-0.1
86.49337527,5,15.49055569,-0.1
86.71305032,5,15.46988141,-0.1
90.75254079,5,15.44933299,-0.1
94.79236169,5,15.4188329,-0.1
98.83136003,5,15.37850195,-0.1
102.8683892,5,15.32866099,-0.1
106.9023175,5,15.26970185,-0.1
110.9320371,5,15.20204571,-0.1
114.9564716,-9,0,0.4
118.9745843,-9,0,0.4
107.7065106,5,14.95209803,-0.1
92.63546737,5,14.88679427,-0.1
92.85336349,5,14.85811903,-0.1
96.89089567,5,14.82957017,-0.1
100.9270225,5,14.79187592,-0.1
104.9606161,5,14.74529097,-0.1
108.9905676,5,14.69014289,-0.1
113.0157961,-9,0,0.4
117.0352555,-9,0,0.4
105.7690682,5,14.47751085,-0.1
90.69846668,5,14.42400823,-0.1
90.91485705,-2.5,14.43660992,0.4
94.95093996,-2.5,14.52955919,0.4
83.70729677,-2.5,14.62909181,0.4
68.64352621,-5,14.70653424,0.1
53.56647568,-5,14.74850356,0.1
49.92149749,-5,14.75097279,0.1
46.26837143,-5,14.74163027,0.1
42.60638908,-5,14.72059316,0.1
38.93486152,2.5,14.7257697,-0.4
35.25312189,2.5,14.82869959,-0.4
46.83940256,2.5,14.94122361,-0.4
62.27935751,5,15.0344651,-0.1
77.75406459,5,15.09525723,-0.1
81.79014848,5,15.11862117,-0.1
85.82912054,5,15.1322546,-0.1
89.86983665,5,15.13596933,-0.1
93.91113934,5,15.12973107,-0.1
97.95186659,5,15.11354722,-0.1
101.9908608,5,15.08947361,-0.1
106.0269778,5,15.11716719,-0.1
110.0590952,5,15.13264296,-0.1
114.0861211,-2.5,15.18290115,0.4
118.1070017,-2.5,15.2869512,0.4
106.8418545,-2.5,15.3981325,0.4
91.77325796,-5,15.4857171,0.1
76.71395201,-5,15.53484948,0.1
73.10821458,-5,15.54070289,0.1
69.49910923,-5,15.53337235,0.1
65.88583659,-5,15.51295678,0.1
62.26760428,2.5,15.50267417,-0.4
58.64362847,2.5,15.60887452,-0.4
70.29201012,2.5,15.72250345,-0.4
85.77976535,5,15.81118943,-0.1
101.2799773,5,15.85949,-0.1
105.3171815,5,15.86259824,-0.1
109.350572,5,15.85192166,-0.1
113.379048,5,15.82760856,-0.1
117.4015459,5,15.78999325,-0.1
121.4170463,5,15.73958364,-0.1
125.4245812,-2.5,15.73803765,0.4
129.4232401,-2.5,15.82886693,0.4
118.1333004,-5,15.92746767,0.1
103.0472533,-5,15.99687155,0.1
99.44036656,-5,16.02199744,0.1
95.83602488,-5,16.03316302,0.1
92.23342282,-5,16.03021067,0.1
88.63175221,-5,16.01318216,0.1
85.03020341,-5,15.98231708,0.1
81.42796658,-5,15.93804364,0.1
77.82423297,-5,15.88096275,0.1
74.21819622,-5,15.81182648,0.1
70.60905366,-9,0,0.4
66.99600773,-9,0,0.4
51.9191115,2.5,15.70100706,-0.4
36.81336553,2.5,15.80715264,-0.4
36.94556539,2.5,15.94290852,-0.4
52.35745596,2.5,16.0808246,-0.4
67.81198062,5,16.19175149,-0.1
83.29655465,5,16.26665067,-0.1
87.33700271,5,16.29922375,-0.1
91.37876849,5,16.32068897,-0.1
95.42068755,5,16.3308899,-0.1
99.46159426,5,16.32986533,-0.1
103.5003308,5,16.31736085,-0.1
107.535756,5,16.29354934,-0.1
111.566754,5,16.25867415,-0.1
115.5922425,5,16.21302141,-0.1
119.6111802,5,16.15696344,-0.1
123.6225744,5,16.09095637,-0.1
127.6254871,-9,0,0.4
131.6190408,-9,0,0.4
120.3235488,5,15.8386328,-0.1
105.2332836,5,15.77498467,-0.1
105.4438971,5,15.7526116,-0.1
109.4738023,5,15.73029564,-0.1
113.498845,5,15.69760613,-0.1
117.5179817,5,15.65469411,-0.1
121.5302121,5,15.60011644,-0.1
125.5345865,5,15.53389225,-0.1
129.5302113,-9,0,0.4
133.5162542,-9,0,0.4
122.2130745,5,15.27400687,-0.1
107.1158141,5,15.20224819,-0.1
107.320736,5,15.16580841,-0.1
111.3449204,5,15.12712562,-0.1
115.3638536,5,15.07690456,-0.1
119.376531,5,15.01576347,-0.1
123.3819936,-9,0,0.4
127.3793343,-5,14.89706155,0.1
116.0888287,-5,14.92578738,0.1
112.4594114,-5,14.92568244,0.1
108.8352338,-5,14.91593026,0.1
105.2155351,-5,14.89659353,0.1
101.5995464,-5,14.86779266,0.1
97.98649246,-5,14.82974017,0.1
94.37559277,-5,14.78279076,0.1
90.76606326,-5,14.72724136,0.1
87.15711754,-5,14.66350363,0.1
83.54796824,-9,0,0.4
79.93782832,-9,0,0.4
64.86675652,5,14.43240435,-0.1
49.7792476,2.5,14.47035629,-0.4
49.94103283,2.5,14.54053688,-0.4
65.38246452,5,14.60961009,-0.1
80.85471935,5,14.64247557,-0.1
84.8845709,5,14.63597432,-0.1
88.91634903,5,14.61791205,-0.1
92.94895055,5,14.58851179,-0.1
96.9812661,5,14.54813147,-0.1
101.0121884,5,14.49725269,-0.1
105.0406208,-9,0,0.4
109.0654854,-9,0,0.4
97.80685614,5,14.28797247,-0.1
82.73807292,5,14.23180716,-0.1
82.94852573,5,14.20802153,-0.1
86.97888859,5,14.18231718,-0.1
91.0106018,5,14.1461458,-0.1
95.04256171,5,14.0999262,-0.1
99.07366279,5,14.04418055,-0.1
103.102806,-9,0,0.4
107.1289071,-9,0,0.4
95.87202992,-9,0,0.4
80.80363116,-9,0,0.4
65.73374492,-9,0,0.4
50.64816679,-9,0,0.4
35.53363308,-9,0,0.4
20.3786493,-9,0,0
5.17426538,-9,0,0
5.1936295,2.5,14.03963586,0
5.213138698,2.5,14.15272803,0
5.232794607,2.5,14.26675559,0
5.252598883,2.5,14.38171339,0
5.272553208,2.5,14.49759451,0
5.292659289,2.5,14.61439,0
5.312918859,2.5,14.73208872,0
5.333333676,2.5,14.85067711,0
5.353905527,2.5,14.97013901,0
5.374636226,2.5,15.09045531,0
5.395527613,2.5,15.2116038,0
5.416581559,2.5,15.33355878,0
5.437799963,2.5,15.45629081,0
5.459184753,2.5,15.57976637,0
5.480737889,2.5,15.70394747,0
5.502461359,2.5,15.8287913,0
5.524357185,2.5,15.95424982,0
5.546427419,2.5,16.08026932,0
5.568674147,2.5,16.20678998,0
5.591099488,2.5,16.33374537,0
5.613705595,2.5,16.46106196,0
5.636494655,2.5,16.5886586,0
5.659468891,2.5,16.71644598,0
5.682630561,2.5,16.84432605,0
5.705981962,2.5,16.97219148,0
5.729525425,2.5,17.09992506,0
5.753263323,2.5,17.22739915,0
5.777198065,2.5,17.35447508,0
5.801332102,2.5,17.48100265,0
5.825667925,2.5,17.60681958,0
5.850208067,2.5,17.73175109,0
5.874955101,2.5,17.85560945,0
5.899911647,2.5,17.97819369,0
5.925080366,2.5,18.09928936,0
5.950463966,2.5,18.21866848,0
5.9760652,2.5,18.33608956,0
6.00188687,2.5,18.45129785,0
6.027931824,2.5,18.56402577,0
6.05420296,5,18.67399361,0
6.080703225,5,18.7809104,0
6.107435619,5,18.88447519,0
6.134403194,5,18.98529856,0
6.161609055,5,19.08691982,0
6.189056361,5,19.18975424,0
6.216748329,5,19.29381413,0
6.244688231,5,19.39912889,0
6.272879398,5,19.50574593,0
6.301325222,5,19.61368995,0
6.330029154,5,19.722985,0
6.358994708,5,19.83366525,0
6.388225464,5,19.94577628,0
6.417725064,5,20.05933593,-0.4
6.447497219,5,20.1744198,-0.4
21.75642024,5,20.29105263,-0.4
37.13491237,5,20.34056223,-0.1
52.57664186,5,20.31826948,-0.1
56.6112117,5,20.22629706,-0.1
60.65740312,5,20.11894609,-0.1
64.7141103,-9,0,0.4
68.78014544,-9,0,0.4
57.57537196,5,19.71545167,-0.1
42.5274262,5,19.61419321,-0.1
42.71300303,5,19.57723653,-0.1
46.71960985,5,19.54045295,-0.1
50.74056669,5,19.48766831,-0.1
54.7749707,5,19.41883279,-0.1
58.82181983,5,19.33020996,-0.1
62.88001755,-9,0,0.4
66.94837881,-9,0,0.4
55.74676291,5,18.95727365,-0.1
40.69986815,5,18.85361067,-0.1
40.8835651,5,18.80257705,-0.1
44.88835143,5,18.74627509,-0.1
48.90831461,5,18.67076542,-0.1
52.94257478,5,18.57736983,-0.1
56.99014697,-9,0,0.4
61.04994527,-9,0,0.4
49.84191382,5,18.20621022,-0.1
34.7830822,5,18.10210956,-0.1
34.94800822,5,18.04597831,-0.1
38.93402277,5,17.98564441,-0.1
42.93689698,5,17.90851527,-0.1
46.95589131,-9,0,0.4
50.99015238,-9,0,0.4
39.75984043,5,17.58944406,-0.1
24.67007082,5,17.5014969,0
24.79406422,5,17.45921439,0
24.91923037,5,17.4130286,0
25.04558479,5,17.36306718,-0.1
25.17314322,5,17.30946465,-0.1
29.12164031,5,17.25236132,-0.1
33.08938223,5,17.18018351,-0.1
37.07589625,-9,0,0.4
41.080588,-9,0,0.4
29.82386535,5,16.88453618,-0.1
14.69891794,5,16.80328819,0
14.77786366,5,16.76441444,0
14.85764278,5,16.72220884,0
14.93826824,5,16.67677102,0
15.01975328,5,16.6282057,0
15.10211137,5,16.57662199,0
15.18535627,5,16.52213267,0
15.26950203,5,16.46485345,0
15.35456298,5,16.40490229,0
15.44055375,5,16.34239873,0
15.52748928,5,16.27746327,0
15.61538481,5,16.21021673,0
15.70425593,5,16.14147423,0
15.79411851,5,16.07331375,0
15.88498881,5,16.00586372,0
15.9768834,5,15.9387738,0
16.06981921,5,15.87209347,0
16.16381355,5,15.80614985,0
16.25888409,5,15.74058978,0
16.35504889,5,15.67551608,0
16.4523264,5,15.61092503,0
16.55073546,5,15.54681828,0
16.65029536,5,15.48317136,0
16.75102579,5,15.41999226,0
16.85294687,5,15.35739635,0
16.95607918,5,15.29513916,0
17.06044377,5,15.23317583,0
17.16606215,5,15.17191188,0
17.27295632,5,15.11092952,0
17.38114877,5,15.05020217,0
17.49066252,5,14.98852234,0
17.60152111,5,14.92527571,0
17.71374862,5,14.86054234,0
17.82736967,5,14.79440131,0
17.94240949,5,14.72693047,0
18.05889385,5,14.65820627,0
18.17684918,-9,0,0
18.29630248,-9,0,0
18.41728141,-9,0,0
18.53981429,-9,0,0
18.66393011,-9,0,0
18.78965856,-9,0,0
18.91703003,-9,0,0
19.04607567,-9,0,0
19.17682735,-9,0,0
19.30931776,-9,0,0
19.44358035,-9,0,0
19.57964942,-9,0,0
19.71756011,-9,0,0
19.85734843,-9,0,0
19.9990513,-9,0,0
20.14270653,-9,0,0
20.28835293,-9,0,0
20.43603025,-9,0,0
20.58577927,-9,0,0
20.7376418,-9,0,0
20.89166072,-9,0,0
21.04788002,-9,0,0
21.20634482,-9,0,0
21.36710141,-9,0,0
21.53019727,-9,0,0
21.69568115,-9,0,0
21.86360305,-9,0,0
22.0340143,-9,0,0
22.20696759,-9,0,0
22.38251699,-9,0,0
22.56071804,-9,0,0
22.74162774,-9,0,0
22.92530464,-9,0,0
23.11180884,-9,0,0
23.3012021,-9,0,0
23.49354782,-9,0,0
23.68891115,-9,0,0
23.88735901,-9,0,0
24.08896017,-9,0,0
24.29378526,-9,0,0
24.50190688,-9,0,0
24.71339963,-5,14.01456984,0
24.92834018,-5,14.05501514,0
25.14680734,-5,14.09678033,0.1
25.3688821,-5,14.13761628,0.1
21.7749291,-5,14.17962053,0
18.15236847,-5,14.21224326,0
18.31941958,-5,14.23463968,0
18.4894655,-5,14.2550693,0
18.66258442,-5,14.27350372,0
18.83885714,-5,14.28991703,0
19.01836723,-5,14.30428598,0
19.20120105,-5,14.31659,0
19.38744797,-5,14.32681138,0
19.57720039,-5,14.3349353,0
19.77055396,-5,14.34094995,0
19.96760763,-5,14.34484652,0
20.16846384,-5,14.34661931,0
20.37322865,-5,14.34626571,0
20.58201188,-5,14.34378625,0
20.79492728,-5,14.33918456,0
21.0120927,-5,14.33246739,0
21.23363024,-5,14.32364453,0
21.45966644,-5,14.31272881,0
21.69033249,-5,14.29973603,0
21.92576438,-5,14.28468484,0
22.16610318,-5,14.26759673,0
22.41149516,-5,14.24849584,0
22.66209209,-5,14.22740892,0
22.91805146,-5,14.20436518,0
23.17953668,-5,14.17939615,0
23.44671742,-5,14.15253557,0
23.71976978,-5,14.12381923,0
23.99887666,-5,14.0932848,0
24.28422799,-5,14.06097171,0
24.57602105,-5,14.026921,0
24.87446082,-5,13.99117512,0
25.17976023,-9,0,0.4
25.49214061,-9,0,0.4
10.53295742,-9,0,0
-4.608380566,-9,0,0
-4.669632271,-9,0,0
-4.732530394,-9,0,0
-4.797142063,-9,0,0
-4.863538097,-9,0,0
-4.931793264,-9,0,0
-5.001986555,-9,0,0
-5.07420149,-9,0,0
-5.148526443,-9,0,0
-5.225055001,-9,0,0
-5.303886354,-9,0,0
-5.385125714,-9,0,0
-5.468884786,-9,0,0
-5.555282267,-9,0,0
-5.644444404,-9,0,0
-5.736505603,-9,0,0
-5.831609092,-9,0,0
-5.92990766,-9,0,0
-6.031564459,-9,0,0
-6.136753901,-9,0,0
-6.245662637,-9,0,0
-6.358490647,-9,0,0
-6.475452446,-9,0,0
-6.596778423,-9,0,0
-6.72271633,-9,0,0
-6.853532941,-9,0,0
-6.989515901,-9,0,0
-7.130975802,-9,0,0
-7.278248501,-9,0,0
-7.431697724,-9,0,0
-7.591718009,-9,0,0
-7.758738006,-9,0,0
-7.933224231,-9,0,0
-8.115685304,-9,0,0
-8.306676775,-9,0,0
-8.506806623,-9,0,0
-8.716741534,-9,0,0
-8.937214104,-9,0,0
-9.169031115,-9,0,0
-9.413083069,-9,0,0
-9.670355231,-9,0,0
-9.941940433,-9,0,0
-10.229054,-9,0,0
-10.53305116,-9,0,0
-10.85544757,-9,0,0
-11.19794333,-9,0,0
-11.5624516,-9,0,0
-11.9511324,-9,0,0
-12.3664331,-9,0,0
-12.81113687,-9,0,0
-13.28842114,-9,0,0
-13.80192832,-9,0,0
-14.35585194,-9,0,0
-14.9550421,-9,0,0
-15.6051352,-9,0,0
113.7833789,-9,0,0.4
113.8489797,-9,0,0.4
98.63563956,-9,0,0.4
83.42759187,-9,0,0.4
68.21989567,-9,0,0.4
53.00758648,-9,0,0.4
37.78600888,-9,0,0.4
22.55113175,-9,0,0
7.299827822,-9,0,0
7.308973741,-9,0,0
7.318142483,-9,0,0
7.32733413,-9,0,0
7.33654877,-9,0,0
7.345786488,-9,0,0
7.35504737,-9,0,0
7.364331504,-9,0,0
7.373638976,-9,0,0
7.382969873,-9,0,0
7.392324285,-9,0,0
7.401702299,-9,0,0
7.411104004,-9,0,0
7.42052949,0,14.06984337,0
7.429978847,0,14.18642267,0
7.439452164,0,14.30411133,0
7.448949534,0,14.42291325,0
7.458471046,0,14.54283103,0
7.468016792,-2.5,14.6638657,0
7.477586865,-2.5,14.78601662,0
7.487181357,-2.5,14.90928124,0
7.496800362,-2.5,15.03365492,0
7.506443972,-2.5,15.15913064,0
7.516112281,-2.5,15.28569877,0
7.525805385,-2.5,15.41334679,0
7.535523378,-2.5,15.54205899,0
7.545266355,-2.5,15.67181607,0
7.555034413,-2.5,15.80259486,0
7.564827648,-2.5,15.93436786,0
7.574646156,-2.5,16.0671028,0
7.584490035,-2.5,16.20076222,0
7.594359384,-2.5,16.33530293,0
7.604254299,-2.5,16.47067546,0
7.614174881,-2.5,16.6068235,0
7.624121229,-2.5,16.74368323,0
7.634093442,-2.5,16.88118269,0
7.644091621,-2.5,17.01924107,0
7.654115867,-2.5,17.15776792,0
7.664166281,-2.5,17.29666242,0
7.674242966,-2.5,17.43581251,0
7.684346023,-2.5,17.57509407,0
7.694475556,-2.5,17.71437004,0
7.704631669,-2.5,17.85348954,0
7.714814466,-2.5,17.99228699,0
7.72502405,-2.5,18.13058126,0
7.735260528,-2.5,18.26817481,0
7.745524005,-2.5,18.40485298,0
7.755814588,-2.5,18.54038322,0
7.766132383,-2.5,18.67451462,0
7.776477497,-2.5,18.8069774,0
7.78685004,-2.5,18.93748276,0
7.797250118,-2.5,19.06572286,0
7.807677842,-2.5,19.19137111,0
7.818133321,-2.5,19.31408279,0
7.828616665,-5,19.43349609,0
7.839127986,-5,19.54923349,0
7.849667394,-5,19.66090371,0
7.860235001,-5,19.76810409,0
7.870830921,-5,19.87042355,0
7.881455266,-5,19.96744608,0
7.89210815,-5,20.05875472,0.4
7.902789688,-5,20.14393614,0.4
-7.365374543,-5,20.22258557,0.4
-22.6542487,-5,20.22346298,0.4
-37.96320515,-9,0,-0.4
-53.29017531,-9,0,-0.4
-53.35290488,-9,0,-0.4
-38.13686226,-9,0,-0.4
-22.90640076,-5,19.45728719,0
-7.658078691,-5,19.36114423,0
-7.668553275,-5,19.32125643,0
-7.679056381,-5,19.27511103,0
-7.689588124,-5,19.22290933,0
-7.700148621,-5,19.16487308,0
-7.710737988,-5,19.10124155,0
-7.721356344,-5,19.03226857,0
-7.732003808,-5,18.95821948,0
-7.742680497,-5,18.87936822,0
-7.753386533,-5,18.7959945,0
-7.764122035,-5,18.70838112,0
-7.774887124,-5,18.61681151,0
-7.785681923,-5,18.52156748,0
-7.796506553,-5,18.42292718,0
-7.807361138,-5,18.32116341,0
-7.818245801,-5,18.21654202,0
-7.829160667,-9,0,0
-7.840105861,-9,0,0
-7.851081509,-9,0,0
-7.862087736,-9,0,0
-7.873124671,-9,0,0
-7.884192441,-9,0,0
-7.895291175,-9,0,0
-7.906421002,-9,0,0
-7.917582051,-9,0,0
-7.928774455,-9,0,0
-7.939998343,-9,0,0
-7.951253849,-9,0,0
-7.962541106,-9,0,0
-7.973860246,0,16.70640782,0
-7.985211404,0,16.88464078,0
-7.996594716,0,17.06660275,0
-8.008010317,0,17.25247671,0
-8.019458344,0,17.4424131,0
-8.030938935,0,17.63659064,0
-8.042452228,0,17.83520281,0
-8.053998361,0,18.03851765,0
-8.065577474,0,18.24669843,0
-8.077189709,0,18.4599834,0
-8.088835206,0,18.67866747,0
-8.100514107,0,18.90299312,0
-8.112226556,0,19.1332575,0
-8.123972697,0,19.36978311,0
-8.135752673,0,19.61292676,0
-8.14756663,0,19.86310614,0
-8.159414715,0,20.12069529,-0.4
-8.171297074,0,20.38614589,-0.4
7.095660681,0,20.65995213,-0.4
22.38490702,2.5,20.9213197,-0.4
37.69580082,2.5,21.1495628,-0.4
53.02614637,5,21.32504799,-0.1
68.37232938,5,21.43205444,-0.1
72.27040945,5,21.46009606,-0.1
76.17045629,5,21.46163029,-0.1
80.07209262,5,21.43179267,-0.1
83.97493226,5,21.3713526,-0.1
87.87858227,5,21.28182983,-0.1
91.78264515,5,21.1683492,-0.1
95.68672107,-9,0,0.4
99.59041013,-9,0,0.4
88.21444007,5,20.73376087,-0.1
73.01989328,5,20.62713026,-0.1
73.10061868,5,20.59346738,-0.1
77.00113187,5,20.55904193,-0.1
80.90315487,5,20.5069802,-0.1
84.80629937,5,20.4377785,-0.1
88.71017079,5,20.35157255,-0.1
92.61437044,5,20.24912872,-0.1
96.51849777,-9,0,0.4
100.4221527,-9,0,0.4
89.0460631,5,19.85767824,-0.1
73.85163864,2.5,19.93056026,-0.4
73.93280114,2.5,20.07660043,-0.4
89.29290447,5,20.225064,-0.1
104.6563048,5,20.31130804,-0.1
108.5577744,5,20.32737556,-0.1
112.4575622,5,20.32548843,-0.1
116.3552924,5,20.30562751,-0.1
120.2506007,5,20.26797979,-0.1
124.1431362,5,20.21292637,-0.1
128.0325633,5,20.14107498,-0.1
131.9185632,5,20.05309157,-0.1
135.8008356,-9,0,0.4
139.6791003,-9,0,0.4
128.2742236,5,19.70195907,-0.1
113.0611435,0,19.68134726,0.1
113.1382107,0,19.90720467,0.1
109.3954707,-2.5,20.13911411,0.4
105.6546754,-2.5,20.36833673,0.4
90.45633716,-2.5,20.59293068,0.4
75.26109771,-5,20.77164047,0.1
60.0631388,-5,20.88877078,0.1
56.31597829,-5,20.93356861,0.1
52.56598831,-5,20.95947157,0.1
48.8128686,-5,20.96686487,0.1
45.0563298,-5,20.95493298,0.1
41.2960947,0,20.95264379,0.4
37.53189936,0,21.22721171,0.4
22.30433834,0,21.51771185,-0.4
7.057475046,0,21.83338666,-0.4
7.067853283,0,22.15301131,-0.4
22.35713647,0,22.48502254,-0.4
37.66823215,0,22.83870623,0.4
52.99893143,2.5,23.18963547,-0.4
53.06672094,2.5,23.51048678,-0.4
68.4135058,2.5,23.84373265,-0.4
83.77142311,5,24.1178469,-0.1
99.13481411,5,24.30608896,-0.1
103.038453,5,24.38915468,-0.1
106.9409507,5,24.44439442,-0.1
110.8419166,5,24.47107432,-0.1
114.7409687,5,24.46911737,-0.1
118.6377356,5,24.43781573,-0.1
122.5318586,5,24.37738477,-0.1
126.4229936,5,24.28922752,-0.1
130.3108129,5,24.17461628,-0.1
134.1950067,2.5,24.19763463,-0.4
138.0752847,2.5,24.44456333,-0.4
153.4105333,5,24.67335275,0.5
168.727123,5,24.80081028,0.5
168.743571,5,24.80833926,0.5
153.4810971,5,24.81380552,0.5
134.4199689,0,25.08923291,0.4
115.3812449,-2.5,25.56532571,0.4
100.1780553,-2.5,26.01576806,0.4
84.98161205,-2.5,26.40657434,0.4
69.78617623,-5,26.69784813,0.1
54.58594235,0,27.19201948,0.4
50.83457906,-2.5,27.74609426,0.4
35.62079361,-2.5,28.31700602,0.4
20.39087171,-5,28.81548387,0.4
5.141322664,-5,29.18657006,0.4
-10.12999845,-5,29.38380056,0.4
-25.42371954,-5,29.3783927,0.4
-40.73888118,-9,0,-0.4
-56.07297914,-9,0,-0.4
-56.14324955,-9,0,-0.4
-40.93476125,-9,0,-0.4
-25.71148249,-5,27.48766988,0.4
-10.46946984,-5,27.32384237,0.4
-10.4849318,-5,27.32154986,0.4
-25.77931352,-2.5,27.46254159,0.4
-41.09529831,-5,27.89200592,0.4
-56.43032399,-5,28.19832669,0.4
-71.7804347,-5,28.34494601,0.4
-87.14055641,-5,28.31218666,0.4
-102.5048662,-5,28.10390409,0.4
-117.8672262,-9,0,-0.4
-133.2216451,-9,0,-0.4
-133.283853,-9,0,-0.4
-118.0670593,-9,0,-0.4
-102.8633828,-5,25.86481547,0.4
-87.66756215,-5,25.58578333,0.4
-87.75268849,-5,25.4312145,0.4
-103.1166993,-5,25.2793285,0.4
-118.4785246,-9,0,-0.4
-133.8322128,-9,0,-0.4
-133.8935473,-9,0,-0.4
-118.6758813,-9,0,-0.4
-103.4714736,-5,23.6048625,0.4
-88.27511235,-5,23.38961272,0.4
-88.35992538,-5,23.2701664,0.4
-103.7236201,-9,0,-0.4
-119.0848981,-9,0,-0.4
-119.1589734,-9,0,-0.4
-103.9540675,-9,0,-0.4
-88.75736681,-5,22.22660501,0.4
-73.5631476,-5,22.1217222,0.4
-73.64439624,-5,22.1038531,0.4
-89.00458709,-5,22.08619216,0.4
-104.3681967,-5,21.98279346,0.4
-119.7291381,-9,0,-0.4
-135.0815249,-9,0,-0.4
-135.1412369,-9,0,-0.4
-119.9219496,-9,0,-0.4
-104.7162384,-5,20.80450705,0.4
-89.51897948,-5,20.64809212,0.4
-89.60336123,-5,20.5607874,0.4
-104.9666192,-5,20.47436324,0.4
-120.3269855,-9,0,-0.4
-135.6786161,-9,0,-0.4
-135.7374465,-9,0,-0.4
-120.5172787,-9,0,-0.4
-105.3108117,-9,0,-0.4
-90.11297317,-5,19.33901272,0.4
-74.91811613,-5,19.26384915,0.4
-74.99927068,-5,19.25154971,0.4
-90.35936142,-5,19.23909479,0.4
-105.7223149,-9,0,-0.4
-121.0820921,-5,19.15445089,0.4
-121.1540179,-5,19.12261155,0.4
-136.5047092,-5,19.09076931,0.4
-151.841284,-9,0,-0.4
-167.1596685,-9,0,-0.4
-167.1782481,-9,0,-0.4
-151.9179004,-9,0,-0.4
-136.6782746,-5,18.36105133,0.4
-121.4565444,-5,18.27657705,0.4
-121.5275393,-5,18.24743318,0.4
-136.8773009,-5,18.21857834,0.4
-152.2129623,-9,0,-0.4
-167.5305156,-9,0,-0.4
-167.5484048,-9,0,-0.4
-152.287369,-9,0,-0.4
-137.0469199,-5,17.55198885,0.4
-121.8242891,5,17.49764036,-0.4
-121.8943688,-5,17.42981137,0.4
-106.6854675,-5,17.38764022,0.4
-106.7643809,-5,17.3924351,0.4
-122.1221033,-5,17.39294422,0.4
-137.4706663,-5,17.33947287,0.4
-152.8051038,-9,0,-0.4
-168.1214964,-9,0,-0.4
-168.1383705,5,16.97291063,0.5
-152.8763229,5,17.02564686,0.5
-152.9135981,5,17.03134056,0.5
-168.2296532,5,17.0357399,0.5
172.6551199,2.5,17.08862485,0.5
153.5669365,2.5,17.19904533,0.5
134.5045446,0,17.35538632,0.1
115.4638933,0,17.54197329,0.1
111.7174803,0,17.74031326,0.1
107.973152,0,17.94213535,0.1
104.23059,0,18.14657264,0.1
100.4894698,0,18.3525151,0.1
96.74946206,0,18.55899682,0.1
93.0102338,0,18.76517599,0.1
89.27144933,-2.5,18.97074872,0.4
85.53277152,-2.5,19.17422619,0.4
70.33470696,-2.5,19.37411073,0.4
55.13219729,-5,19.53508233,0.1
39.91991267,-5,19.64153805,0.1
36.15233257,-5,19.68787594,0.1
32.38060018,-5,19.71545706,0.1
28.60449563,-5,19.72870999,0.1
24.82381565,-5,19.72519569,0
21.03837461,-5,19.70126195,0
21.06772417,-5,19.66345807,0
21.097152,-5,19.62449302,0
21.12665838,-5,19.58770545,0
21.15624363,-5,19.55137808,0
21.18590804,-5,19.51304849,0
21.21565191,-5,19.4731597,0
21.24547555,-5,19.42722471,0
21.27537926,-5,19.3749957,0
21.30536335,-5,19.31670298,0
21.33542812,-5,19.25259597,0
21.36557389,-5,19.18294001,0
21.39580097,-5,19.1080131,0
21.42610967,-5,19.02810266,0
21.4565003,-5,18.94350248,0
21.48697318,-5,18.85450977,0
21.51752862,-5,18.76142252,0
21.54816696,-5,18.664537,0
21.57888849,0,18.64638595,0
21.60969355,0,18.87183843,0
21.64058246,0,19.103275,0
21.67155555,0,19.34107997,0
21.70261314,0,19.5856234,0
21.73375555,0,19.83722632,0
21.76498313,0,20.09630685,-0.4
21.79629619,0,20.36332122,-0.4
37.10656961,0,20.63883379,0.4
52.43652103,2.5,20.90855456,-0.4
52.5036917,2.5,21.15164356,-0.4
67.84985796,2.5,21.40181461,-0.4
83.20733202,5,21.6037334,-0.1
98.570488,5,21.7391293,-0.1
102.4741175,5,21.79521344,-0.1
106.3766647,5,21.83037362,-0.1
110.2777388,5,21.84417747,-0.1
114.1769569,5,21.83645597,-0.1
118.0739468,5,21.80752187,-0.1
121.9683484,5,21.75776131,-0.1
125.8598159,5,21.68794479,-0.1
129.7480198,5,21.59845046,-0.1
133.632648,5,21.49030287,-0.1
137.513408,5,21.3640528,-0.1
141.3900275,-9,0,0.4
145.2622563,-9,0,0.4
133.8509923,5,20.89410702,-0.1
118.6326664,0,21.05787598,0.4
118.7063088,0,21.33320222,0.4
103.5009732,-2.5,21.61752648,0.4
88.3035977,-2.5,21.86764142,0.4
73.10850516,-5,22.06222789,0.1
57.90986716,-5,22.18322193,0.1
54.16124623,-5,22.21831719,0.1
50.40961676,-5,22.2307184,0.1
46.65468411,-5,22.22099812,0.1
42.89616525,-5,22.19039248,0.1
39.13378997,0,22.35771328,0.4
35.367302,0,22.68779342,0.4
20.13730425,0,23.03796687,-0.4
4.887541172,0,23.41572758,-0.4
4.894756291,0,23.79562419,-0.4
20.18086723,0,24.1928757,-0.4
35.48904032,0,24.62572887,0.4
50.81727862,2.5,25.06567831,-0.4
50.88324994,2.5,25.47909192,-0.4
66.22821956,2.5,25.91297831,-0.4
81.58510242,5,26.28139427,-0.1
96.94831781,5,26.54770632,-0.1
100.8526537,5,26.68211469,-0.1
104.7560674,5,26.77927965,-0.1
108.6581635,5,26.8394775,-0.1
112.5585536,5,26.86224702,-0.1
116.456859,2.5,26.94822242,-0.4
120.3527126,2.5,27.42552914,-0.4
135.704917,2.5,27.90346349,-0.4
151.043073,5,28.27466962,0.5
166.3629928,5,28.50136825,0.5
166.382952,5,28.54794658,0.5
151.1239795,5,28.59188742,0.5
132.0661567,2.5,28.82685493,-0.4
113.0301766,0,29.28523537,0.4
109.2880331,0,29.94646024,0.4
94.08868185,0,30.6927853,0.4
78.89383634,0,31.60573429,0.4
63.69765085,0,32.65804115,0.4
48.49436839,-2.5,33.8020461,0.4
33.27870348,-2.5,34.95821733,0.4
18.04619972,-5,36.00737671,0.4
2.793541271,-5,36.78763714,0.4
-12.48120269,-5,37.16703246,0.4
-27.77842028,-5,37.06578414,0.4
-43.09690285,-9,0,-0.4
-58.43390569,-9,0,-0.4
-58.50645174,-9,0,-0.4
-43.30023598,-9,0,-0.4
-28.07986381,-5,32.82209382,0.4
-12.84119417,-5,32.46674306,0.4
-12.8602052,-5,32.39756705,0.4
-28.15814618,-5,32.33695915,0.4
-43.4774994,-2.5,32.3199696,0.4
-58.81545854,-5,32.78208393,0.4
-74.16785228,-5,32.97079665,0.4
-89.5294373,-5,32.85348377,0.4
-104.8942817,-9,0,-0.4
-120.2562084,-9,0,-0.4
-120.3303852,-9,0,-0.4
-105.1255752,-5,30.36640016,0.4
-89.92950505,-5,29.87281749,0.4
-90.01528098,-5,29.5873614,0.4
-105.3799314,-5,29.30882692,0.4
-120.7414771,-9,0,-0.4
-136.0939888,-9,0,-0.4
-136.1533392,-9,0,-0.4
-120.9336874,-9,0,-0.4
-105.7280883,-5,26.69731909,0.4
-90.53140813,-5,26.36880267,0.4
-90.61679473,-5,26.17464918,0.4
-105.9810531,-5,25.98485481,0.4
-121.3419827,-9,0,-0.4
-136.6936994,-9,0,-0.4
-136.7521347,-9,0,-0.4
-121.5315689,-9,0,-0.4
-106.3251757,-5,24.12088798,0.4
-91.12787542,-5,23.87626999,0.4
-91.2128577,-5,23.73099697,0.4
-106.5767092,-9,0,-0.4
-121.9370126,-9,0,-0.4
-122.0090556,-9,0,-0.4
-106.802111,-9,0,-0.4
-91.60440687,-5,22.56581302,0.4
-76.41028572,-5,22.44049102,0.4
-76.49272716,-5,22.40475484,0.4
-91.85410017,-5,22.36934956,0.4
-107.2177714,-9,0,-0.4
-122.5776494,-9,0,-0.4
-122.6490535,-9,0,-0.4
-107.4414692,-9,0,-0.4
-92.24333468,-5,21.36348812,0.4
-77.04902137,-5,21.25448132,0.4
-77.13152198,-5,21.2240031,0.4
-92.49295143,-5,21.19368984,0.4
-107.8564221,-9,0,-0.4
-123.2158573,-9,0,-0.4
-123.286609,-9,0,-0.4
-108.0783717,-9,0,-0.4
-92.87978962,-5,20.30901994,0.4
-77.68526415,-5,20.21241078,0.4
-77.76780247,-5,20.18542811,0.4
-93.12926692,-5,20.15833763,0.4
-108.4925171,-9,0,-0.4
-123.8514924,-9,0,-0.4
-123.9215792,-5,19.74299364,0.4
-108.7126763,-5,19.69602962,0.4
-108.7925044,-5,19.71624032,0.4
-124.1511315,-5,19.73679234,0.4
-139.4996649,-5,19.68995037,0.4
-154.8331453,-9,0,-0.4
-170.1477279,-9,0,-0.4
-170.1620748,-9,0,-0.4
-154.897506,-9,0,-0.4
-139.6541045,-5,18.86904827,0.4
-124.4293028,-5,18.76918646,0.4
-124.4981378,-5,18.72726162,0.4
-139.8457338,-5,18.68579781,0.4
-155.1783194,-9,0,-0.4
-170.4921137,-9,0,-0.4
-170.5058344,-9,0,-0.4
-155.2406415,-9,0,-0.4
-139.9964595,-5,17.9454965,0.4
-124.7707761,-5,17.84770448,0.4
-124.8386899,-5,17.79684976,0.4
-140.1853664,-5,17.74193333,0.4
-155.517077,-9,0,-0.4
-170.8301036,-9,0,-0.4
-170.8432179,-9,0,-0.4
-155.5774205,-9,0,-0.4
-140.3324782,5,17.14482512,-0.4
-125.1059328,5,17.10963425,-0.4
-109.8940684,-9,0,-0.4
-94.69217869,-9,0,-0.4
-79.49489074,-5,16.86126045,0.4
-64.29652593,-2.5,16.94326318,0.1
-64.37035163,-2.5,17.06693566,0.1
-68.26398735,-2.5,17.19239327,0.1
-72.15990081,-2.5,17.30985195,0.1
-76.05773632,-2.5,17.41851535,0.1
-79.95712758,-5,17.51750147,0.4
-83.8576996,-5,17.60603984,0.4
-99.21822673,-5,17.68343724,0.4
-114.578146,-5,17.71005294,0.4
-129.931642,-5,17.68361107,0.4
-145.2733802,-9,0,-0.4
-160.5989011,-9,0,-0.4
-160.6260648,-9,0,-0.4
-145.3742809,-9,0,-0.4
-130.1417546,-5,17.0613682,0.4
-114.9251781,-5,16.98935319,0.4
-114.999037,-5,16.96502403,0.4
-130.3516818,-5,16.94081098,0.4
-145.6925298,-9,0,-0.4
-161.0171858,-9,0,-0.4
-161.0435719,-9,0,-0.4
-145.7910129,-9,0,-0.4
-130.5576292,-5,16.36780908,0.4
-115.3401727,-5,16.30125602,0.4
-115.4131899,-5,16.27865047,0.4
-130.7649934,-5,16.25620646,0.4
-146.1049651,-9,0,-0.4
-161.4287732,-9,0,-0.4
-161.4544003,-9,0,-0.4
-146.2010847,-9,0,-0.4
-130.9668602,-5,15.72539555,0.4
-115.7485376,-5,15.66367562,0.4
-115.8207231,-5,15.64278559,0.4
-131.1716953,-5,15.6218846,0.4
-146.5108044,-9,0,-0.4
-161.8337812,-9,0,-0.4
-161.8586676,-9,0,-0.4
-146.6046136,-9,0,-0.4
-131.3695648,-5,15.1206974,0.4
-116.1503898,-5,15.05676431,0.4
-116.2217537,-5,15.02810303,0.4
-131.5719047,-5,14.99715853,0.4
-146.9101651,-9,0,-0.4
-162.232327,-9,0,-0.4
-162.2564905,-9,0,-0.4
-147.0017159,-9,0,-0.4
-131.7658592,-5,14.48055046,0.4
-116.5458454,-5,14.40893743,0.4
-116.6163978,-5,14.36914958,0.4
-131.9657377,-9,0,-0.4
-147.3031631,-9,0,-0.4
-147.3456518,-9,0,-0.4
-132.1091679,-9,0,-0.4
-116.8885238,-9,0,-0.4
-101.6796115,-9,0,-0.4
-86.47753432,-9,0,-0.4
-71.27693922,-9,0,-0.4
-56.07237457,-9,0,-0.4
-40.85865311,-2.5,14.05464015,0.1
-25.63120054,0,14.15790313,-0.1
-25.66524465,0,14.28043595,-0.1
-21.87965453,0,14.4043708,0
-18.08933824,0,14.53331341,0
-18.11386844,0,14.66701192,0
-18.13846302,0,14.80259462,0
-18.16312222,0,14.94010798,0
-18.18784629,0,15.07959979,0
-18.21263547,0,15.22111912,0
-18.23749002,0,15.36471634,0
-18.26241019,0,15.51044312,0
-18.28739621,0,15.65835237,0
-18.31244836,0,15.80849828,0
-18.33756688,0,15.9609362,0
-18.36275202,0,16.11572262,0
-18.38800404,0,16.27291507,0
-18.41332319,0,16.43257202,0
-18.43870974,0,16.59475274,0
-18.46416395,0,16.75951712,0
-18.48968607,0,16.92692546,0
-18.51527637,0,17.09703825,0
-18.54093511,0,17.26991578,0
-18.56666256,0,17.44561782,0
-18.59245897,0,17.62420314,0
-18.61832463,0,17.80572895,0
-18.64425979,0,17.99025027,0
-18.67026472,0,18.17781911,0
-18.69633971,0,18.36848356,0
-18.72248502,0,18.56228668,0
-18.74870092,0,18.75926519,0
-18.77498769,0,18.95944793,0
-18.8013456,0,19.16285404,0
-18.82777494,0,19.36949081,0
-18.85427599,0,19.57945907,0
-18.88084902,-2.5,19.79423419,0
-18.90749431,-2.5,20.01445462,0.4
-18.93421216,-2.5,20.24045063,0.4
-34.23987738,-2.5,20.47249981,0.4
-49.5652629,-5,20.66376723,0.4
-64.90711476,-5,20.79747792,0.4
-80.26096648,-5,20.86132576,0.4
-95.62145861,-5,20.84922967,0.4
-110.9827342,-9,0,-0.4
-126.3388773,-9,0,-0.4
-126.4054826,-9,0,-0.4
-111.1930995,-9,0,-0.4
-95.99121194,-5,20.0578012,0.4
-80.79444552,-5,19.97845124,0.4
-80.87595999,-5,19.96753533,0.4
-96.23638626,-5,19.9566177,0.4
-111.5973559,-9,0,-0.4
-126.9529755,-9,0,-0.4
-127.0188784,-9,0,-0.4
-111.8057927,-9,0,-0.4
-96.60337858,-5,19.23938364,0.4
-81.40629703,-5,19.16714709,0.4
-81.48772922,-5,19.15716105,0.4
-96.84807061,-5,19.14711975,0.4
-112.2087176,-9,0,-0.4
-127.5638007,-9,0,-0.4
-127.6289928,-9,0,-0.4
-112.4151962,-9,0,-0.4
-97.2122428,-5,18.49121874,0.4
-82.01482987,-5,18.42491193,0.4
-82.0961611,-5,18.41503006,0.4
-97.45639895,-5,18.40035627,0.4
-112.8167073,-9,0,-0.4
-128.1712415,-9,0,-0.4
-128.235715,-9,0,-0.4
-113.0211998,-9,0,-0.4
-97.81769488,-5,17.73214786,0.4
-82.61993481,-5,17.64595245,0.4
-82.7011468,-5,17.60633873,0.4
-98.06126282,-5,17.56262095,0.4
-113.4212169,-9,0,-0.4
-128.7751903,-9,0,-0.4
-128.8389381,-9,0,-0.4
-113.6236973,-9,0,-0.4
-98.41962938,-9,0,-0.4
-83.22150693,-5,16.7634467,0.4
-68.02370723,-5,16.70522318,0.4
-68.09946063,-5,16.69014406,0.4
-83.45416919,-5,16.67148309,0.4
-98.81425647,-9,0,-0.4
-114.1738935,-9,0,-0.4
-114.2484107,-9,0,-0.4
-99.04396604,-9,0,-0.4
-83.84569058,-5,16.10915887,0.4
-68.64797168,-5,16.04139076,0.4
-68.72403441,-5,16.0162912,0.4
-84.07905039,-5,15.99106327,0.4
-99.43921144,-9,0,-0.4
-114.798683,-9,0,-0.4
-114.8728078,-9,0,-0.4
-99.66796929,-9,0,-0.4
-84.46952185,-5,15.46413311,0.4
-69.27186441,2.5,15.49483692,-0.1
-69.34821802,2.5,15.62337411,-0.1
-65.60492976,2.5,15.75289094,-0.1
-61.8596415,2.5,15.87668618,-0.1
-58.1120378,2.5,15.99357139,-0.1
-54.36181118,2.5,16.10233825,-0.1
-50.60866325,2.5,16.20178257,-0.1
-46.85230588,5,16.29073216,-0.4
-43.0924623,5,16.36807799,-0.4
-27.86971233,5,16.43280707,-0.4
-12.62928961,5,16.45001853,0
2.631574969,5,16.41793661,0
2.635362388,5,16.33985617,0
2.639160718,5,16.25984948,0
2.642970004,-9,0,0
2.646790294,-2.5,16.21941132,0
2.650621637,-2.5,16.36288851,0
2.65446408,-2.5,16.50776863,0
2.658317672,-2.5,16.6540298,0
2.662182461,-2.5,16.8016443,0
2.666058495,-2.5,16.95057788,0
2.669945825,-2.5,17.10078903,0
2.673844498,-2.5,17.2522281,0
2.677754566,-2.5,17.40483642,0
2.681676078,-2.5,17.55854527,0
2.685609085,-2.5,17.71327483,0
2.689553636,-2.5,17.86893298,0
2.693509783,-2.5,18.02541406,0
2.697477577,-2.5,18.18259752,0
2.70145707,-2.5,18.34034647,0
2.705448312,-2.5,18.49850616,0
2.709451357,-2.5,18.65690244,0
2.713466257,-2.5,18.81534006,0
2.717493064,-2.5,18.97360104,0
2.721531832,-2.5,19.13144299,0
2.725582613,-2.5,19.28859746,0
2.729645461,-2.5,19.44476836,0
2.733720431,-2.5,19.59963055,0
2.737807577,-2.5,19.75282861,0
2.741906952,-2.5,19.90397589,0
2.746018613,-2.5,20.05265394,0.4
2.750142614,-2.5,20.19841242,0.4
-12.52459553,-5,20.34076963,0.4
-27.8221929,-5,20.41156992,0.4
-43.141417,-5,20.40220054,0.4
-58.47947251,-9,0,-0.4
-73.83218255,-9,0,-0.4
-73.91540724,-9,0,-0.4
-58.71982717,-9,0,-0.4
-43.51509769,-5,19.58531647,0.4
-28.29602429,-5,19.47958813,0.4
-28.3372492,-5,19.43038115,0.4
-43.65745894,-5,19.37495075,0.4
-58.99651748,-9,0,-0.4
-74.35017531,-9,0,-0.4
-74.43422319,-9,0,-0.4
-59.23946529,-9,0,-0.4
-44.03568371,-9,0,-0.4
-28.81761925,-5,18.39800833,0.4
-13.58097008,-5,18.33569108,0
-13.60157093,-5,18.33007219,0
-13.62223319,-5,18.32445844,0
-13.64295713,-5,18.3188517,0
-13.66374302,-5,18.31323843,0
-13.68459113,-5,18.30764379,0
-13.70550174,-5,18.30204014,0
-13.72647512,-5,18.29644845,0
-13.74751156,-5,18.29085688,0
-13.76861132,-5,18.28526566,0
-13.78977469,-5,18.27969746,0
-13.81100196,-5,18.27413507,0
-13.83229341,-5,18.26856572,0
-13.85364931,-5,18.26298888,0
-13.87506997,-5,18.25741997,0
-13.89655566,-5,18.2518551,0
-13.91810668,-5,18.24628666,0
-13.93972333,-5,18.24073372,0
-13.96140588,-5,18.2351719,0
-13.98315465,-5,18.2296247,0
-14.00496993,-5,18.22138044,0
-14.02685202,-5,18.20797438,0
-14.04880121,-5,18.1894542,0
-14.07081782,-5,18.16588522,0
-14.09290214,-5,18.1373496,0
-14.11505448,-5,18.10394545,0
-14.13727515,-5,18.06578571,0
-14.15956446,-5,18.02299695,0
-14.18192273,-5,17.97571799,0
-14.20435026,-5,17.92409857,0
-14.22684737,-5,17.86829779,0
-14.24941438,-5,17.80848272,0
-14.2720516,-5,17.74482688,0
-14.29475937,-5,17.6775088,0
-14.31753799,-5,17.60671059,0
-14.34038781,-5,17.53261665,0
-14.36330913,-5,17.45541236,0
-14.3863023,-5,17.37528295,0
-14.40936764,-5,17.29241238,0
-14.43250549,-5,17.20698243,0
-14.45571618,-5,17.1191718,0
-14.47900005,-5,17.02915539,0
-14.50235743,-9,0,0
-14.52578867,-9,0,0
-14.54929411,-9,0,0
-14.5728741,-9,0,0
-14.59652898,-9,0,0
-14.6202591,-9,0,0
-14.64406482,-9,0,0
-14.66794648,-9,0,0
-14.69190445,-9,0,0
-14.71593907,-9,0,0
-14.74005072,-9,0,0
-14.76423975,-9,0,0
-14.78850652,-9,0,0
-14.81285141,-9,0,0
-14.83727479,-9,0,0
-14.86177701,-9,0,0
-14.88635847,-9,0,0
-14.91101953,-9,0,0
-14.93576056,-9,0,0
-14.96058197,-9,0,0
-14.98548411,-9,0,0
-15.01046739,-9,0,0
-15.03553218,-9,0,0
-15.06067888,-9,0,0
-15.08590789,-9,0,0
-15.11121958,-9,0,0
-15.13661437,-9,0,0
-15.16209265,-9,0,0
-15.18765483,0,14.22871163,0
-15.2133013,0,14.36348476,0
-15.23903248,0,14.50037061,0
-15.26484878,0,14.63946337,0
-15.2907506,0,14.78083966,0
-15.31673837,0,14.92454334,0
-15.3428125,0,15.07065191,0
-15.36897341,0,15.2192468,0
-15.39522153,0,15.37044666,0
-15.42155728,0,15.52434796,0
-15.44798109,0,15.68101139,0
-15.47449339,0,15.84053737,0
-15.50109461,0,16.00303186,0
-15.52778519,0,16.1686475,0
-15.55456557,0,16.33750889,0
-15.5814362,0,16.50970137,0
-15.60839751,0,16.6853583,0
-15.63544996,0,16.86462116,0
-15.66259399,0,17.04769126,0
-15.68983006,0,17.2347344,0
-15.71715863,0,17.4258734,0
-15.74458016,0,17.62129068,0
-15.7720951,0,17.82118105,0
-15.79970393,0,18.02581826,0
-15.8274071,0,18.23543115,0
-15.85520511,0,18.45020179,0
-15.88309841,0,18.67038904,0
-15.91108748,0,18.8962716,0
-15.93917281,0,19.12823633,0
-15.96735488,0,19.36661353,0
-15.99563418,0,19.61168407,0
-16.0240112,0,19.86383263,0
-16.05248642,0,20.12347785,-0.4
-16.08106036,0,20.39119421,-0.4
-0.83085896,0,20.66748643,-0.4
14.44651183,0,20.94800508,-0.4
29.75130285,2.5,21.21223021,-0.4
45.08180948,5,21.43873363,-0.1
60.43445616,5,21.6078074,-0.1
64.34487177,5,21.70374594,-0.1
68.258659,5,21.78008553,-0.1
72.17537605,5,21.83626106,-0.1
76.09456407,5,21.87147105,-0.1
80.01574984,5,21.88521049,-0.1
83.93844834,5,21.87732378,-0.1
87.86216568,5,21.84790222,-0.1
91.78640189,5,21.79761557,-0.1
95.71065394,5,21.72670584,-0.1
99.63441871,5,21.63594092,-0.1
103.557196,5,21.52655877,-0.1
107.4784913,-9,0,0.4
111.3978191,-9,0,0.4
100.0358308,5,21.09862419,-0.1
84.85968786,5,20.99575035,-0.1
84.96361301,5,20.96933008,-0.1
88.88729003,5,20.94293368,-0.1
92.81135381,5,20.89742047,-0.1
96.73530217,5,20.83340706,-0.1
100.6586336,5,20.75162603,-0.1
104.5808504,5,20.65270172,-0.1
108.5014611,-9,0,0.4
112.4199841,-9,0,0.4
101.0570753,5,20.26488053,-0.1
85.88034919,5,20.171328,-0.1
85.98417418,5,20.14717035,-0.1
89.90774423,5,20.12324004,-0.1
93.83156988,5,20.08191467,-0.1
97.75515019,5,20.0236048,-0.1
101.6779857,5,19.94892176,-0.1
105.5995812,-9,0,0.4
109.519449,5,19.75388378,-0.1
98.15823701,5,19.63535855,-0.1
102.0807935,5,19.56397876,-0.1
106.0020619,-9,0,0.4
109.9215563,5,19.37729639,-0.1
98.55992642,5,19.2636365,-0.1
102.4821952,5,19.19532198,-0.1
106.4031282,5,19.11256718,-0.1
110.3222413,5,19.01627207,-0.1
114.2390609,-9,0,0.4
118.1531272,-9,0,0.4
106.7851215,5,18.65508952,-0.1
91.60517188,5,18.56375984,-0.1
91.7084532,5,18.52915069,-0.1
95.63144205,5,18.49466338,-0.1
99.55395984,5,18.44614946,-0.1
103.4755128,5,18.38389499,-0.1
107.3956128,5,18.30843508,-0.1
111.3137802,-9,0,0.4
115.229547,-9,0,0.4
103.8635843,5,18.00605509,-0.1
88.6846861,5,17.92545413,-0.1
88.78763915,5,17.89331593,-0.1
92.71031867,5,17.85663897,-0.1
96.63289714,5,17.80245706,-0.1
100.5548801,5,17.73165561,-0.1
104.4757768,-9,0,0.4
108.3951027,-9,0,0.4
97.03350795,5,17.43156208,-0.1
81.85665182,5,17.34962645,-0.1
81.958433,5,17.31291375,-0.1
85.87998392,5,17.27233531,-0.1
89.80229342,5,17.21587645,-0.1
93.72486858,-9,0,0.4
97.64721494,-9,0,0.4
86.28996483,5,16.96073142,-0.1
71.11370682,5,16.89295985,-0.1
71.21105908,5,16.86882735,-0.1
75.12824265,5,16.84104943,-0.1
79.04750952,5,16.79795886,-0.1
82.96838484,5,16.74019609,-0.1
86.89038432,-9,0,0.4
90.81301704,-9,0,0.4
79.45691381,5,16.48798332,-0.1
64.27939557,5,16.42054589,-0.1
64.37235012,5,16.39442921,-0.1
68.28516821,5,16.36508228,-0.1
72.20088077,5,16.32150194,-0.1
76.11903401,5,16.26430407,-0.1
80.03915991,-9,0,0.4
83.96077889,-9,0,0.4
72.60452807,5,16.01952724,-0.1
57.42445337,5,15.95390908,-0.1
57.51178544,5,15.92749498,-0.1
61.41900601,5,15.89819947,-0.1
65.32989884,5,15.85561032,-0.1
69.24403842,5,15.80030228,-0.1
73.16098055,-9,0,0.4
77.08026475,-9,0,0.4
65.72254232,5,15.56592039,-0.1
50.53860333,5,15.50312947,-0.1
50.61910219,5,15.47765373,-0.1
54.5195058,5,15.44958403,-0.1
58.42431756,5,15.40902578,-0.1
62.33314716,5,15.35650422,-0.1
66.24558152,-9,0,0.4
70.16118688,-9,0,0.4
58.80063664,5,15.13432979,-0.1
43.61151294,5,15.07501527,-0.1
43.68398348,5,15.05135568,-0.1
47.57636512,5,15.02533705,-0.1
51.4738399,5,14.98751406,-0.1
55.37605929,5,14.93835896,-0.1
59.28264833,-9,0,0.4
63.19320744,-9,0,0.4
51.82843989,5,14.7293997,-0.1
36.63279972,5,14.67395444,-0.1
36.69606689,5,14.65271924,-0.1
40.57924074,5,14.62931696,-0.1
44.46813236,5,14.59468998,-0.1
48.36244106,5,14.54925706,-0.1
52.26183665,5,14.4935548,-0.1
56.16596087,-9,0,0.4
60.07442902,-9,0,0.4
48.70795726,5,14.27161555,-0.1
33.50953344,5,14.21115264,-0.1
33.56873866,5,14.182674,-0.1
37.44784746,5,14.15234668,-0.1
41.33297199,5,14.11174509,-0.1
45.2238328,5,14.06133402,-0.1
49.12011954,-9,0,0.4
53.02149219,-9,0,0.4
41.64870798,-9,0,0.4
26.44178627,-9,0,0.4
11.21120527,-9,0,0
-4.046543639,-9,0,0
-4.054225698,-9,0,0
-4.061936931,-9,0,0
-4.069677504,-9,0,0
-4.077447585,-9,0,0
-4.085247343,5,13.99607389,0
-4.093076947,5,14.03866181,0
-4.100936569,5,14.08143812,0
-4.108826382,5,14.12442807,0
-4.11674656,5,14.16764523,0
-4.124697277,5,14.21105633,0
-4.132678712,5,14.25470564,0
-4.140691041,5,14.29854568,0
-4.148734444,5,14.34258538,0
-4.156809102,5,14.38687996,0
-4.164915197,5,14.43141288,0
-4.173052913,5,14.47617029,0
-4.181222434,5,14.5211812,0
-4.189423948,5,14.56640254,0
-4.197657643,5,14.61187511,0
-4.205923707,5,14.65758947,0
-4.214222331,5,14.70352083,0
-4.222553709,5,14.74973176,0
-4.230918033,5,14.79617189,0
-4.2393155,5,14.84284936,0
-4.247746307,5,14.88980951,0
-4.256210651,5,14.93699879,0
-4.264708733,5,14.98437701,0
-4.273240756,5,15.03204429,0
-4.281806921,5,15.07994742,0
-4.290407435,5,15.1281701,0
-4.299042504,5,15.17665888,0
-4.307712336,5,15.22539869,0
-4.316417141,5,15.27448307,0
-4.32515713,5,15.32381788,0
-4.333932518,5,15.37343588,0
-4.342743519,5,15.42335801,0
-4.351590349,5,15.4735391,0
-4.360473228,5,15.52403755,0
-4.369392376,2.5,15.60877755,0
-4.378348015,2.5,15.73218607,0
-4.387340369,2.5,15.85739239,0
-4.396369664,2.5,15.98450932,0
-4.405436127,0,16.12251282,0
-4.414539989,0,16.29020885,0
-4.423681479,0,16.46118723,0
-4.432860832,0,16.63556966,0
-4.442078283,0,16.81354874,0
-4.451334069,0,16.99526991,0
-4.46062843,0,17.18084169,0
-4.469961605,0,17.37044714,0
-4.47933384,0,17.56435136,0
-4.488745378,0,17.76264672,0
-4.498196467,0,17.96553493,0
-4.507687357,0,18.17334137,0
-4.517218298,0,18.38623333,0
-4.526789544,0,18.60442905,0
-4.536401352,0,18.82826115,0
-4.546053978,0,19.05806907,0
-4.555747683,0,19.29407049,0
-4.56548273,0,19.53660621,0
-4.575259381,0,19.78624992,0
-4.585077905,0,20.04322105,-0.4
-4.59493857,0,20.30795881,-0.4
10.67403289,0,20.58109725,-0.4
25.9758526,2.5,20.84612559,-0.4
41.30909118,2.5,21.08234505,-0.4
56.67003406,5,21.26987543,-0.1
72.05290698,5,21.39176299,-0.1
75.99111954,5,21.43637194,-0.1
79.93175162,5,21.46092623,-0.1
83.8742174,5,21.46493377,-0.1
87.81791968,5,21.44833381,-0.1
91.76225358,5,21.41132879,-0.1
95.70661029,5,21.35456554,-0.1
99.65038085,5,21.27847059,-0.1
103.59296,5,21.18398743,-0.1
107.5337497,5,21.0721033,-0.1
111.4721633,-9,0,0.4
115.4076286,-9,0,0.4
104.0607169,5,20.64382764,-0.1
88.90231866,5,20.5385402,-0.1
89.02649816,5,20.50538644,-0.1
92.97040544,5,20.4722868,-0.1
96.91414955,5,20.4212372,-0.1
100.8571249,5,20.35279831,-0.1
104.7987307,5,20.2677846,-0.1
108.7383746,5,20.16704545,-0.1
112.6754765,-9,0,0.4
116.6094717,-9,0,0.4
105.2609401,5,19.78034851,-0.1
90.1013642,5,19.68495772,-0.1
90.22502247,5,19.65479945,-0.1
94.16839727,5,19.62470739,-0.1
98.11142629,5,19.57843295,-0.1
102.0535079,5,19.51635987,-0.1
105.9940464,5,19.43920363,-0.1
109.9324555,5,19.34759143,-0.1
113.8681622,-9,0,0.4
117.8006099,-9,0,0.4
106.4503875,5,18.9948829,-0.1
91.28954746,5,18.90769319,-0.1
91.41258252,5,18.88016537,-0.1
95.3553232,5,18.85270798,-0.1
99.29753928,5,18.81032878,-0.1
103.2386337,5,18.75344622,-0.1
107.1780162,5,18.68270861,-0.1
111.1151073,5,18.59868012,-0.1
115.0493415,-9,0,0.4
118.9801707,-9,0,0.4
107.6281927,5,18.26871742,-0.1
92.46600801,5,18.17917622,-0.1
92.58832245,5,18.13904857,-0.1
96.53033193,5,18.09424479,-0.1
100.4716422,5,18.03160776,-0.1
104.4116613,-9,0,0.4
108.349805,-9,0,0.4
97.00662633,5,17.74814737,-0.1
81.84899784,5,17.67208564,-0.1
81.96995839,5,17.64332284,-0.1
85.91070967,5,17.61023793,-0.1
89.85236652,5,17.5601645,-0.1
93.79433459,5,17.49390338,-0.1
97.7360176,-9,0,0.4
101.676821,-9,0,0.4
90.33728128,5,17.20910261,-0.1
75.18054677,5,17.1318916,-0.1
75.29869021,5,17.09903099,-0.1
79.23668026,5,17.06244066,-0.1
83.17656979,5,17.01031849,-0.1
87.11777548,5,16.94344681,-0.1
91.05970587,-9,0,0.4
95.00176501,-9,0,0.4
83.66448163,5,16.67774323,-0.1
68.5072267,5,16.61199369,-0.1
68.62117363,5,16.59199023,-0.1
72.55501689,5,16.5720355,-0.1
76.49173105,5,16.54058472,-0.1
80.43075265,5,16.49788414,-0.1
84.37150404,5,16.44432146,-0.1
88.31339696,5,16.38030892,-0.1
92.25583604,-9,0,0.4
96.19822253,-9,0,0.4
84.86108348,5,16.13104606,-0.1
69.70447311,5,16.06946985,-0.1
69.81969481,5,16.05124002,-0.1
73.75480573,5,16.03278969,-0.1
77.69262577,5,16.0032143,-0.1
81.632585,5,15.96309161,-0.1
85.57410035,5,15.91271178,-0.1
89.51657911,5,15.85248245,-0.1
93.45942261,-9,0,0.4
97.4020299,-9,0,0.4
86.06492697,5,15.61770841,-0.1
70.90885874,5,15.55948909,-0.1
71.02526643,5,15.54177479,-0.1
74.96155561,5,15.52408048,-0.1
78.90038749,5,15.49620565,-0.1
82.84118619,5,15.45833922,-0.1
86.78336372,5,15.41079369,-0.1
90.72632353,5,15.35442666,-0.1
94.66946424,-9,0,0.4
98.61218333,-9,0,0.4
87.27500637,5,15.13304313,-0.1
72.11937465,5,15.07797,-0.1
72.23687484,5,15.06119576,-0.1
76.17424826,5,15.04446969,-0.1
80.11399368,5,15.0180773,-0.1
84.05552983,5,14.98094536,-0.1
87.99826437,5,14.93246509,-0.1
91.94159753,-9,0,0.4
95.88492583,-9,0,0.4
84.54877128,5,14.72536052,-0.1
69.39301549,5,14.67053226,-0.1
69.50886802,5,14.64993688,-0.1
73.44461452,5,14.62716943,-0.1
77.3831365,5,14.59316369,-0.1
81.32386054,5,14.54833125,-0.1
85.26619965,5,14.49320221,-0.1
89.20955687,-9,0,0.4
93.15332888,-9,0,0.4
81.81803528,5,14.27276792,-0.1
66.66198573,5,14.21281541,-0.1
66.77601898,-2.5,14.31070234,0.4
70.70996597,0,14.42644721,0.1
59.36821591,-2.5,14.54837067,0.4
55.65564752,-2.5,14.65640336,0.4
40.47971604,-2.5,14.75950117,0.4
25.28191485,-5,14.83475587,0.1
10.05648098,-5,14.87586674,0
6.258659935,-5,14.87843831,0
6.272360728,-5,14.87096408,0
6.286121395,-5,14.86428687,0
6.29994233,-5,14.85792746,0
6.313823926,-5,14.85069761,0
6.327766582,-5,14.84324941,0
6.341770701,-5,14.83580338,0
6.355836688,2.5,14.88760826,0
6.369964953,2.5,14.97628349,0
6.384155907,2.5,15.06429747,0
6.398409968,2.5,15.1515715,0
6.412727556,2.5,15.23802328,0
6.427109094,2.5,15.32356692,0
6.44155501,2.5,15.40811299,0
6.456065735,2.5,15.4915685,0
6.470641705,5,15.57383703,0
6.485283359,5,15.65481882,0
6.49999114,5,15.7344109,0
6.514765495,5,15.81250728,0
6.529606875,5,15.88899912,0
6.544515735,5,15.96377502,0
6.559492534,5,16.0367213,0
6.574537736,5,16.10772233,0
6.589651808,5,16.17666091,0
6.604835223,5,16.24341869,0
6.620088456,5,16.30787664,0
6.635411988,5,16.36991557,0
6.650806303,5,16.42941666,0
6.666271892,5,16.48626205,0
6.681809248,5,16.54033551,0
6.697418869,5,16.59152304,0
6.713101258,5,16.63971357,0
6.728856924,5,16.68479965,0
6.744686378,5,16.7266782,0
6.760590137,5,16.76525114,0
6.776568724,5,16.80042618,0
6.792622666,5,16.83211744,0
6.808752493,5,16.86024613,0
6.824958744,5,16.8847412,0
6.841241959,5,16.90553989,0
6.857602686,5,16.92258824,0
6.874041476,5,16.93584159,0
6.890558888,5,16.94526491,0
6.907155483,5,16.95083317,0
6.92383183,5,16.95253151,0
6.940588502,5,16.95035539,0
6.957426078,5,16.94431062,0
6.974345143,5,16.93441333,0
6.991346285,5,16.9206898,0
7.008430102,5,16.90317627,0
7.025597194,5,16.88191856,0
7.042848169,5,16.85697173,0
7.06018364,5,16.82839962,0
7.077604226,5,16.79627425,0
7.095110552,5,16.76067532,0
7.112703249,5,16.72168954,0
7.130382956,5,16.67940996,0
7.148150315,5,16.63393529,0
7.166005977,5,16.58536922,0
7.183950598,5,16.53381966,0
7.201984841,5,16.47939808,0
7.220109375,5,16.4222188,0
7.238324877,5,16.36412266,0
7.25663203,5,16.30534705,0
7.275031522,5,16.24789506,0
7.293524052,5,16.19095301,0
7.312110321,5,16.13333387,0
7.330791042,5,16.07700119,0
7.349566931,5,16.02116827,0
7.368438715,5,15.96466097,0
7.387407124,5,15.90940481,0
7.406472899,5,15.85463865,0
7.425636788,5,15.79922331,0
7.444899545,5,15.74328184,0
7.464261933,5,15.68647983,0
7.483724723,5,15.6275555,0
7.503288693,5,15.5666025,0
7.522954629,5,15.5037162,0
7.542723326,5,15.43899167,0
7.562595587,5,15.37252331,0
7.582572223,5,15.30440459,0
7.602654053,5,15.23472771,0
7.622841906,5,15.16358337,0
7.643136619,-9,0,0
7.663539036,0,15.17267336,0
7.684050014,0,15.31699411,0
7.704670414,0,15.46405829,0
7.725401109,0,15.61397593,0
7.746242983,0,15.76647725,0
7.767196924,0,15.92148451,0
7.788263835,0,16.07905922,0
7.809444626,0,16.23928884,0
7.830740216,0,16.40245795,0
7.852151536,0,16.56874915,0
7.873679525,0,16.73839166,0
7.895325134,0,16.91150635,0
7.917089323,0,17.08878549,0
7.938973062,0,17.26986298,0
7.960977333,0,17.45469429,0
7.983103129,0,17.64320117,0
8.005351451,0,17.83551132,0
8.027723314,0,18.03176188,0
8.050219743,0,18.23209586,0
8.072841773,0,18.43666221,0
8.095590453,0,18.64561595,0
8.118466842,0,18.8591181,0
8.141472012,0,19.07733561,0
8.164607044,0,19.30044116,0
8.187873035,0,19.52861282,0
8.211271091,0,19.76203345,0
8.234802332,0,20.00088998,-0.4
8.258467892,0,20.24537222,-0.4
23.56114345,2.5,20.49567142,-0.4
38.90642902,2.5,20.71209118,-0.4
54.28988416,5,20.87231248,-0.1
69.70419609,5,20.95779526,-0.1
73.68051533,5,20.95789397,-0.1
77.66060439,5,20.92897312,-0.1
81.64366694,5,20.87173248,-0.1
85.6288865,5,20.78752403,-0.1
89.61543183,5,20.6782591,-0.1
93.60246262,-9,0,0.4
97.58913523,-9,0,0.4
86.29573393,5,20.22496602,-0.1
71.18376014,5,20.0969867,-0.1
71.34222067,5,20.02840637,-0.1
75.32069635,5,19.95315187,-0.1
79.30262829,5,19.85563449,-0.1
83.28720835,-9,0,0.4
87.27361033,-9,0,0.4
75.98212102,5,19.44981552,-0.1
60.86621931,5,19.33615306,-0.1
61.01315229,5,19.27759055,-0.1
64.9802226,5,19.21328026,-0.1
68.95277708,5,19.12869303,-0.1
72.93007218,5,19.02946847,-0.1
76.91133274,-9,0,0.4
80.89575681,-9,0,0.4
69.60364642,5,18.66468222,-0.1
54.4835047,5,18.57038078,-0.1
54.6215838,5,18.533897,-0.1
58.57985574,5,18.49825829,-0.1
62.54481288,5,18.44850292,-0.1
66.51576394,5,18.38388939,-0.1
70.49197834,5,18.30626878,-0.1
74.47269046,5,18.21741163,-0.1
78.45710442,-9,0,0.4
82.44439918,-9,0,0.4
71.15485943,5,17.88260038,-0.1
56.03807038,5,17.79769072,-0.1
56.18035722,5,17.76494267,-0.1
60.14283772,5,17.73138435,-0.1
64.11180845,5,17.68082064,-0.1
68.0865541,5,17.61378245,-0.1
72.06632113,-9,0,0.4
76.05032229,-9,0,0.4
64.75886708,5,17.32520341,-0.1
49.63649161,5,17.24690741,-0.1
49.76858129,5,17.21350479,-0.1
53.72090687,5,17.17627496,-0.1
57.6809009,5,17.12326823,-0.1
61.64790937,5,17.05528898,-0.1
65.6212328,-9,0,0.4
69.60013004,-9,0,0.4
58.30494816,5,16.77220168,-0.1
43.17516635,5,16.69494382,-0.1
43.29532955,5,16.65977356,-0.1
47.23574872,5,16.62129358,-0.1
51.1849556,5,16.56834846,-0.1
55.14236827,5,16.50169476,-0.1
59.10735293,-9,0,0.4
63.07922698,-9,0,0.4
51.77838808,5,16.22929756,-0.1
36.63927513,5,16.17978181,-0.1
36.7457057,5,16.24650011,-0.1
40.67238715,5,16.31091499,-0.1
44.60890432,5,16.36208502,-0.1
48.55475781,5,16.39929656,-0.1
52.50939101,5,16.42201709,-0.1
56.47219227,5,16.42991574,-0.1
60.44249768,5,16.42287648,-0.1
64.41959434,5,16.40100274,-0.1
68.40272425,5,16.3646133,-0.1
72.39108873,5,16.31422954,-0.1
76.38385331,5,16.25055536,-0.1
80.3801531,-9,0,0.4
84.37909853,-9,0,0.4
73.10090689,5,15.98899464,-0.1
57.99617866,5,15.91774647,-0.1
58.15078143,5,15.88517037,-0.1
62.12562287,5,15.8498294,-0.1
66.10701133,5,15.80149331,-0.1
70.09416237,5,15.74080469,-0.1
74.08625231,-9,0,0.4
78.08242342,-9,0,0.4
66.80291499,5,15.49299539,-0.1
51.69301445,5,15.42725427,-0.1
51.8375578,5,15.40143201,-0.1
55.80239518,5,15.37533556,-0.1
59.77504705,5,15.33926151,-0.1
63.75479071,5,15.29403971,-0.1
67.7408561,5,15.23956457,-0.1
71.73243031,5,15.17582908,-0.1
75.72866249,-9,0,0.4
79.72866938,-9,0,0.4
68.45266663,5,14.93728393,-0.1
53.34712596,5,14.87558653,-0.1
53.49692476,0,14.94244622,0.1
57.46702411,0,15.08921052,0.1
53.80530734,0,15.23793349,0.1
50.13712341,0,15.38981451,0.1
46.46183771,0,15.54429549,0.1
42.7788328,0,15.7007386,0.1
39.08751047,0,15.8584901,0.1
35.38729414,0,16.01685119,0.1
31.67763118,0,16.17507521,0.1
27.95799551,0,16.33239041,0.1
24.22789023,0,16.48795606,0
20.48685045,-2.5,16.64094144,0
20.55416476,-2.5,16.79044999,0
20.62190356,-2.5,16.94255648,0
20.69007067,-2.5,17.09738118,0
20.75867,-2.5,17.25503522,0
20.82770545,-2.5,17.41558091,0
20.897181,-2.5,17.57867851,0
20.96710066,-2.5,17.74487181,0
21.03746851,-2.5,17.91427953,0
21.10828863,-2.5,18.08706523,0
21.1795652,-2.5,18.26324833,0
21.25130242,-2.5,18.44168457,0
21.32350453,-2.5,18.62207169,0
21.39617584,-2.5,18.80433722,0
21.46932071,-2.5,18.98839113,0
21.54294353,-2.5,19.17412343,0
21.61704877,-2.5,19.36140152,0
21.69164092,-2.5,19.55006716,0
21.76672455,-2.5,19.73993331,0
21.84230426,-2.5,19.93078056,0
21.91838474,-2.5,20.12235336,0.4
21.9949707,-2.5,20.31435593,0.4
6.793192373,-5,20.50644812,0.4
-8.461245761,-5,20.63689389,0.4
-23.77062646,-5,20.69031666,0.4
-39.13334711,-5,20.66006424,0.4
-54.54387643,-9,0,-0.4
-69.99302924,-9,0,-0.4
-70.18970138,-9,0,-0.4
-55.10798657,-9,0,-0.4
-40.00136061,-5,19.75329872,0.4
-24.85785485,-5,19.63018148,0
-24.94667652,-5,19.5635153,0
-25.03609417,-5,19.49089886,0.4
-25.12611338,-5,19.41264286,0.4
-40.49561433,-9,0,-0.4
-55.91348378,-9,0,-0.4
-56.09112058,-9,0,-0.4
-40.99062635,-9,0,-0.4
-25.8531353,-5,18.66720021,0.4
-10.66857159,-5,18.57045817,0
-10.7087594,-5,18.52502529,0
-10.74924755,-5,18.47455739,0
-10.79003938,-5,18.41923358,0
-10.83113828,-5,18.35924463,0
-10.87254768,-5,18.294791,0
-10.91427108,-5,18.2260809,0
-10.95631201,-5,18.15332832,0
-10.99867406,5,18.08992069,0
-11.04136089,5,18.110185,0
-11.0843762,5,18.12546439,0
-11.12772373,5,18.13570579,0
-11.17140731,5,18.14087341,0
-11.2154308,5,18.14094911,0
-11.25979814,5,18.13593262,0
-11.30451332,5,18.12584155,0
-11.34958039,5,18.11071119,0
-11.39500346,5,18.09059408,0
-11.44078671,5,18.06555944,0
-11.48693438,5,18.03569234,0
-11.53345078,5,18.00109281,0
-11.58034028,5,17.96197063,0
-11.62760733,5,17.92092348,0
-11.67525645,5,17.87942318,0
-11.72329221,5,17.83944565,0
-11.77171927,5,17.79955635,0
-11.82054236,5,17.75808129,0
-11.8697663,5,17.72046319,0
-11.91939595,5,17.67929912,0
-11.96943629,5,17.64014788,0
-12.01989236,5,17.60127694,0
-12.07076928,5,17.56247364,0
-12.12207225,5,17.52231926,0
-12.17380656,5,17.4836818,0
-12.2259776,5,17.44537615,0
-12.27859083,5,17.40458005,0
-12.33165181,5,17.35990508,0
-12.38516618,5,17.3114737,0
-12.43913968,5,17.25941539,0
-12.49357815,5,17.20386553,0
-12.54848753,5,17.14496443,0
-12.60387386,5,17.08285627,0
-12.65974325,5,17.01768809,0
-12.71610197,5,16.9496089,0
-12.77295635,5,16.87876871,0
-12.83031285,5,16.80531771,0
-12.88817803,5,16.72940551,0
-12.94655858,5,16.65118039,0
-13.00546127,5,16.57078867,0
-13.06489303,5,16.48837414,0
-13.12486089,5,16.40407756,0
-13.18537199,-9,0,0
-13.24643362,-9,0,0
-13.30805318,-9,0,0
-13.37023821,-9,0,0
-13.43299638,-9,0,0
-13.49633551,-9,0,0
-13.56026353,-9,0,0
-13.62478853,-9,0,0
-13.68991876,-9,0,0
-13.7556626,-9,0,0
-13.82202858,-9,0,0
-13.88902539,-9,0,0
-13.95666189,-9,0,0
-14.0249471,-9,0,0
-14.09389019,-9,0,0
-14.16350051,-9,0,0
-14.23378759,-9,0,0
-14.30476113,-9,0,0
-14.37643102,-9,0,0
-14.44880732,-9,0,0
-14.5219003,-9,0,0
-14.59572042,-9,0,0
-14.67027833,-9,0,0
-14.74558489,-9,0,0
-14.82165117,-9,0,0
-14.89848846,-9,0,0
-14.97610824,-9,0,0
-15.05452226,-9,0,0
-15.13374246,-9,0,0
-15.21378103,-9,0,0
-15.2946504,-9,0,0
-15.37636325,-9,0,0
-15.45893251,-9,0,0
-15.54237136,-9,0,0
-15.62669325,-9,0,0
-15.71191191,-9,0,0
-15.79804133,-9,0,0
-15.8850958,-9,0,0
-15.97308989,-9,0,0
-16.06203847,-9,0,0
-16.15195673,-9,0,0
-16.24286016,-9,0,0
-16.33476456,-9,0,0
-16.42768609,-9,0,0
-16.52164124,-9,0,0
-16.61664681,-9,0,0
-16.71272001,-9,0,0
-16.80987837,-9,0,0
-16.90813983,-9,0,0
-17.00752268,-9,0,0
-17.10804562,-9,0,0
-17.20972777,-9,0,0
-17.31258862,-9,0,0
-17.41664812,-9,0,0
-17.52192665,-9,0,0
-17.62844504,-9,0,0
-17.73622456,-9,0,0
-17.84528696,-9,0,0
-17.9556545,-9,0,0
-18.06734989,-9,0,0
-18.18039639,-9,0,0
-18.29481775,-9,0,0
-18.4106383,-9,0,0
-18.52788289,-9,0,0
-18.64657693,-9,0,0
-18.76674645,-9,0,0
-18.88841804,-9,0,0
-19.01161893,-9,0,0
-19.13637697,-9,0,0
-19.26272067,-9,0,0
-19.39067919,-9,0,0
-19.5202824,-9,0,0
-19.65156086,-9,0,0
-19.78454585,-9,0,0
-19.91926941,-9,0,0
-20.05576433,-9,0,0
-20.1940642,-9,0,0
-20.33420342,-9,0,0
-20.47621722,-9,0,0
-20.62014167,-9,0,0
-20.76601376,-9,0,0
-20.91387134,-9,0,0
-21.06375323,-9,0,0
-21.2156992,-9,0,0
-21.36974998,-9,0,0
-21.52594735,-9,0,0
-21.68433413,-9,0,0
-21.84495418,-9,0,0
-22.00785252,-9,0,0
-22.17307525,-9,0,0
-22.34066969,-9,0,0
-22.51068435,-9,0,0
-22.68316896,-9,0,0
-22.85817455,-9,0,0
-23.03575345,-9,0,0
-23.21595937,-9,0,0
-23.39884738,-9,0,0
-23.58447399,-9,0,0
-23.7728972,-9,0,0
-23.96417652,-9,0,0
-24.15837302,-9,0,0
-24.35554938,-9,0,0
-24.55576993,-9,0,0
-24.75910073,-9,0,0
-24.96560957,-9,0,0
-25.17536605,-9,0,-0.4
-25.38844162,-9,0,-0.4
-10.32603513,-9,0,0
4.861549219,-9,0,0
4.905096479,-9,0,0
4.949428978,-9,0,0
4.994568095,-9,0,0
5.04053599,-9,0,0
5.087355637,-9,0,0
5.135050867,-9,0,0
5.183646406,2.5,14.00974586,0
5.233167917,2.5,14.10932139,0
5.283642044,2.5,14.20917269,0
5.33509646,2.5,14.30926481,0
5.387559919,2.5,14.40955994,0
5.441062306,2.5,14.51001726,0
5.495634692,2.5,14.61059279,0
5.551309401,2.5,14.71123917,0
5.608120062,2.5,14.81190553,0
5.666101684,2.5,14.91253731,0
5.725290726,2.5,15.01307607,0
5.78572517,2.5,15.11345935,0
5.8474446,2.5,15.21362045,0
5.910490293,2.5,15.31348829,0
5.974905305,2.5,15.41298729,0
6.040734568,2.5,15.51203715,0
6.108024995,2.5,15.61055274,0
6.176825589,2.5,15.70844401,0
6.247187559,2.5,15.80561584,0
6.319164446,2.5,15.90196798,0
6.39281226,2.5,15.997395,0
6.468189615,2.5,16.09178627,0
6.545357891,2.5,16.18502595,0
6.624381391,2.5,16.27699307,0
6.70532752,2.5,16.36756161,0
6.788266973,2.5,16.45660067,0
6.873273936,5,16.54397465,0
6.960426305,5,16.62954355,0
7.049805917,5,16.71316329,0
7.141498804,5,16.79468608,0
7.235595461,5,16.87396095,0
7.332191138,5,16.95083428,0
7.431386158,5,17.02515041,0
7.533286252,5,17.09675235,0
7.638002931,5,17.16548261,0
7.74565388,5,17.23118397,0
7.85636339,5,17.29370049,0
7.970262825,5,17.35287845,0
8.08749113,5,17.40856739,0
8.208195379,5,17.46062121,0
8.332531376,5,17.50889927,0
8.460664307,5,17.55326753,0
8.59276945,5,17.59359965,0
8.729032953,5,17.62977815,0
8.869652683,5,17.66169541,0
9.014839151,5,17.68925476,0
9.164816534,5,17.71237136,0
9.319823786,5,17.73274227,0
9.48011587,5,17.75300971,0
9.645965103,5,17.77336085,0
9.817662643,5,17.79153962,0
9.99552013,5,17.81147666,0
10.1798715,5,17.83204852,0
10.37107498,5,17.85255295,0
10.56951532,5,17.87313482,0
10.77560628,5,17.89365175,0
10.98979333,5,17.91169157,0
11.21255675,5,17.93247051,0
11.44441501,5,17.95315668,0
11.68592862,5,17.97406751,0
11.93770438,5,17.99483922,0
12.2004002,5,18.01203566,0
12.47473044,5,18.02433753,0
12.76147208,5,18.03170298,0
13.06147149,5,18.03410682,0
13.37565227,5,18.03154081,0
13.705024,5,18.02401376,0
14.05069229,5,18.01155138,0
14.41387014,5,17.99419608,0
14.79589101,5,17.97200639,0
15.19822363,5,17.9450564,0
15.62248914,5,17.91343488,0
16.07048072,5,17.87724436,0
16.54418617,5,17.83660008,0
17.04581409,5,17.79162879,0
17.57782408,5,17.74246752,0
18.1429619,5,17.6892623,0
18.74430026,5,17.63216681,0
19.38528638,5,17.57134111,0
20.06979748,5,17.50892579,0
20.8022057,5,17.44543259,0
21.58745398,5,17.3815731,0
22.43114495,5,17.32017672,0
23.33964495,5,17.25914813,0
24.32020561,5,17.1981416,0
25.3811055,5,17.13756224,-0.1
26.53181454,5,17.07755472,-0.1
31.6029017,5,17.0185089,-0.1
36.95392953,5,16.94772163,-0.1
42.60417533,-9,0,0.4
