0,0,0,0.5
-123.2917571,5,14.21825631,-0.4
-123.2917571,5,14.21825631,-0.4
-123.2917571,5,14.21825631,-0.4
-123.3049365,5,14.21996513,-0.4
-123.3312834,5,14.22338012,-0.4
-123.3707739,5,14.2285092,-0.4
-123.4233722,5,14.23536612,-0.4
-123.4890305,2.5,14.25633412,-0.1
-123.5676892,2.5,14.37364785,-0.1
-123.6592769,2.5,14.51235732,-0.1
-119.9374721,5,14.66394846,-0.4
-116.2195886,5,14.80206469,-0.4
-101.046042,5,14.92515199,-0.4
-85.88235534,5,14.97614574,-0.4
-70.72055699,5,14.95017494,-0.4
-55.55255373,5,15.0338765,-0.4
-40.37065301,5,15.09361982,-0.4
-25.16806719,5,15.07562538,-0.4
-9.939374286,2.5,15.31587457,0
5.319091673,2.5,15.55521492,0
5.330075176,2.5,15.73501318,0
5.341104001,2.5,15.91036644,0
5.352178429,2.5,16.08039921,0
5.363298742,5,16.24417279,0
5.374465226,5,16.40069199,0
5.385678166,5,16.54891502,0
5.396937854,5,16.68776704,0
5.40824458,5,16.81615726,0
5.41959864,5,16.9329997,0
5.431000331,5,17.03723728,0
5.442449951,5,17.12786831,0
5.453947804,5,17.20397459,0
5.465494193,5,17.26474956,0
5.477089425,5,17.30952497,0
5.488733811,5,17.33779438,0
5.500427661,5,17.34923171,0
5.512171292,5,17.34370363,0
5.523965021,5,17.3212747,0
5.535809167,5,17.28220482,0
5.547704055,5,17.22693941,0
5.559650009,5,17.15609274,0
5.571647358,5,17.07042605,0
5.583696434,5,16.97082179,0
5.595797571,5,16.85825577,0
5.607951105,5,16.73376887,0
5.620157377,5,16.59843987,0
5.63241673,5,16.45336042,0
5.64472951,5,16.29961307,0
5.657096064,5,16.13825283,0
5.669516746,-9,0,0
5.68199191,-9,0,0
5.694521915,-9,0,0
5.707107121,-9,0,0
5.719747893,-9,0,0
5.732444598,-9,0,0
5.745197608,0,15.01655598,0
5.758007296,0,15.31505601,0
5.770874039,0,15.62416527,0
5.78379822,0,15.94466458,0
5.796780221,0,16.27742411,0
5.80982043,0,16.62341752,0
5.822919238,0,16.98373903,0
5.83607704,0,17.35962416,0
5.849294233,0,17.75247505,0
5.86257122,0,18.16389179,0
5.875908406,0,18.59571141,0
5.889306199,0,19.05005693,0
5.902765012,0,19.52939976,0
5.916285262,0,20.03664006,-0.4
5.929867367,0,20.5752115,-0.4
21.22238629,0,21.14922006,-0.4
36.54917197,0,21.75262783,0.4
51.90701221,2.5,22.33358178,-0.4
52.01151988,2.5,22.81900129,-0.4
67.39520068,2.5,23.32978637,-0.4
82.79694894,5,23.69611931,-0.1
98.20790983,5,23.87362226,-0.1
102.1593577,5,23.83759674,-0.1
106.1091191,5,23.74817103,-0.1
110.0565589,5,23.60809984,-0.1
114.0010568,5,23.41970944,-0.1
117.9420108,5,23.18690126,-0.1
121.8788408,-9,0,0.4
125.810992,-9,0,0.4
114.4590637,5,22.26861005,-0.1
99.30043234,5,22.06405709,-0.1
99.43074492,5,22.03443678,-0.1
103.3806778,5,22.00488798,-0.1
107.3287426,5,21.93217536,-0.1
111.2743142,5,21.81845408,-0.1
115.2167828,5,21.66481441,-0.1
119.1555578,5,21.47403349,-0.1
123.0900718,5,21.25009789,-0.1
127.019783,-9,0,0.4
130.9441789,5,20.71518113,-0.1
119.5839039,5,20.41115397,-0.1
123.5173358,5,20.21163835,-0.1
127.4459341,0,20.12335793,0.4
131.3691921,0,20.66512133,0.4
120.0077605,0,21.24601608,0.4
104.8415211,0,21.8491681,0.4
89.68830389,-2.5,22.42799485,0.4
74.53942287,-2.5,22.92980831,0.4
59.38591528,-5,23.29957998,0.1
44.21911377,-5,23.49200257,0.1
40.49036199,-5,23.48070648,0.1
36.75548509,-5,23.4178433,0.1
33.01409806,-5,23.3048085,0.1
29.26583732,-5,23.14403022,0.1
25.5103625,-5,22.93879737,0.1
21.74735828,0,23.12174826,-0.4
17.97653614,0,23.88375242,-0.4
29.47651076,0,24.72737634,0.4
44.82059649,2.5,25.61772582,-0.4
44.91416542,2.5,26.46907548,-0.4
60.28691642,5,27.41347043,-0.1
75.68140254,5,28.23216795,-0.1
79.6301735,5,28.80310076,-0.1
83.58096096,5,29.31903017,-0.1
87.53312354,5,29.76546503,-0.1
91.48601113,5,30.12776478,-0.1
95.43896903,5,30.39239703,-0.1
99.39134206,5,30.54681455,-0.1
103.3424788,5,30.58571239,-0.1
107.2917356,5,30.50732576,-0.1
111.2384808,5,30.31523267,-0.1
115.1820984,-9,0,0.4
119.1219921,5,29.62846455,-0.1
107.7787138,5,29.15962677,-0.1
111.7246542,5,28.99627925,-0.1
115.6674045,5,28.74148881,-0.1
119.6063733,-9,0,0.4
123.5409923,5,27.99443358,-0.1
112.1918456,5,27.52483273,-0.1
116.1336668,5,27.30824537,-0.1
120.071655,5,27.02037732,-0.1
124.0052475,-9,0,0.4
127.9339085,5,26.26430047,-0.1
116.5782572,5,25.81418479,-0.1
120.5152185,5,25.57107699,-0.1
124.4477447,5,25.27277002,-0.1
128.3753057,-9,0,0.4
132.2974014,5,24.54002063,-0.1
120.9346895,5,24.12160467,-0.1
124.8661192,5,23.86897953,-0.1
128.7925569,-9,0,0.4
132.7135084,-9,0,0.4
121.3496377,5,22.87932207,-0.1
106.181383,5,22.66026823,-0.1
106.3057032,5,22.62966217,-0.1
110.2495843,5,22.59912951,-0.1
114.1905783,5,22.52221878,-0.1
118.1281014,5,22.40048157,-0.1
122.0615913,5,22.23630656,-0.1
125.9905104,5,22.0327617,-0.1
129.9143484,5,21.79340884,-0.1
133.8326253,-9,0,0.4
137.744894,-9,0,0.4
126.3718672,5,20.90321112,-0.1
111.1959888,5,20.6924169,-0.1
111.3151548,5,20.63001551,-0.1
115.2538464,5,20.56804517,-0.1
119.1889583,5,20.47014452,-0.1
123.1199416,5,20.33845691,-0.1
127.0462723,5,20.17458385,-0.1
130.9674543,5,19.98101064,-0.1
134.8830219,-9,0,0.4
138.7925421,-9,0,0.4
127.4167422,5,19.25124778,-0.1
112.2382272,5,19.07672462,-0.1
112.3550903,5,19.02482906,-0.1
116.2914763,5,18.97323262,-0.1
120.2241829,5,18.89165284,-0.1
124.1526743,5,18.78151405,-0.1
128.0764402,5,18.64438105,-0.1
131.9949982,5,18.48190028,-0.1
135.9078966,-9,0,0.4
139.8147165,-9,0,0.4
128.4361992,5,17.86365435,-0.1
113.2550813,5,17.7027739,-0.1
113.3696442,5,17.62872975,-0.1
117.3037281,5,17.53815143,-0.1
121.2340415,5,17.40765865,-0.1
125.1600616,-9,0,0.4
129.0812915,-9,0,0.4
117.7183878,-9,0,0.4
102.5491696,5,16.65207107,-0.1
87.39114996,5,16.56081377,-0.1
87.51484631,5,16.54859996,-0.1
91.45828447,5,16.52235813,-0.1
95.40179191,5,16.4595283,-0.1
99.34476416,5,16.36194194,-0.1
103.2866001,5,16.2323197,-0.1
107.2267057,-9,0,0.4
111.1644976,-9,0,0.4
99.82053211,5,15.68704432,-0.1
84.66332484,5,15.53126091,-0.1
84.78629057,5,15.4442112,-0.1
88.72902311,5,15.34814535,-0.1
92.67224195,5,15.22520991,-0.1
96.61534416,-9,0,0.4
100.5577275,-9,0,0.4
89.21991985,5,14.72447999,-0.1
74.06447512,5,14.5819976,-0.1
74.18324267,5,14.50166487,-0.1
78.1218685,5,14.41414218,-0.1
82.0625807,5,14.30327023,-0.1
86.00479202,-9,0,0.4
89.94790596,-9,0,0.4
78.61244587,-9,0,0.4
63.45488356,-9,0,0.4
48.28681887,-9,0,0.4
33.10054275,-9,0,0.4
17.88953393,-9,0,0
2.648912298,-9,0,0
2.654679985,-9,0,0
2.660472826,2.5,14.1226613,0
2.666290985,2.5,14.27974042,0
2.672134628,2.5,14.4340261,0
2.678003924,2.5,14.58499906,0
2.683899041,2.5,14.73210323,0
2.689820151,2.5,14.87474761,0
2.695767424,2.5,15.01230914,0
2.701741036,5,15.1441369,0
2.707741161,5,15.26955769,0
2.713767975,5,15.38788305,0
2.719821658,5,15.49841787,0
2.72590239,5,15.60047036,0
2.732010351,5,15.69336336,0
2.738145725,5,15.77644675,0
2.744308696,5,15.84911054,0
2.750499452,5,15.91415565,0
2.75671818,5,15.98104021,0
2.762965071,5,16.0486109,0
2.769240316,5,16.1157399,0
2.775544107,5,16.18349614,0
2.781876641,5,16.2511528,0
2.788238114,5,16.32213556,0
2.794628725,-2.5,16.45194652,0
2.801048675,-2.5,16.63555014,0
2.807498164,-2.5,16.82316327,0
2.813977399,-2.5,17.01427874,0
2.820486585,-2.5,17.20933601,0
2.82702593,-2.5,17.40890537,0
2.833595643,-2.5,17.61310686,0
2.840195937,-2.5,17.82221442,0
2.846827026,-2.5,18.03729896,0
2.853489125,-2.5,18.25811627,0
2.860182453,-2.5,18.48438887,0
2.866907228,-2.5,18.71580091,0
2.873663674,-2.5,18.95353005,0
2.880452014,-2.5,19.19806042,0
2.887272474,-2.5,19.44966442,0
2.894125283,-2.5,19.70947213,0
2.901010671,-2.5,19.97800634,0
2.907928871,-2.5,20.25508417,0.4
2.914880118,-2.5,20.53970347,0.4
-12.35700989,-5,20.8339402,0.4
-27.6653465,-5,20.99533812,0.4
-43.00827919,-5,21.00444903,0.4
-58.38142626,-5,20.86129417,0.4
-73.77814197,-9,0,-0.4
-89.18997965,-9,0,-0.4
-89.32844642,-9,0,-0.4
-74.18804649,-9,0,-0.4
-59.04250345,-5,18.98529928,0.4
-43.88261154,5,18.97740049,-0.4
-43.97895682,5,19.07755615,-0.4
-28.79676453,5,19.15426351,-0.4
-13.58510194,5,19.08083412,0
1.660920843,-9,0,0
1.664984543,-2.5,18.90736485,0
1.669068171,-2.5,19.15058157,0
1.673171874,-2.5,19.40079172,0
1.6772958,-2.5,19.65840856,0
1.681440099,-2.5,19.92461271,0
1.685604923,-2.5,20.19996457,0.4
1.689790424,-2.5,20.48430497,0.4
-13.58487778,-5,20.77663621,0.4
-28.89733883,-5,20.93697197,0.4
-44.24546383,-5,20.93369961,0.4
-59.62450573,-5,20.74459343,0.4
-75.02739154,-9,0,-0.4
-90.44521845,-9,0,-0.4
-90.58904654,-9,0,-0.4
-75.45399266,-9,0,-0.4
-60.31442357,-9,0,-0.4
-45.16073458,-5,18.44946299,0.4
-29.9842191,-5,18.29027981,0.4
-30.05651895,-5,18.24321726,0.4
-45.40801004,-5,18.19637482,0.4
-60.79031584,-9,0,-0.4
-76.19612122,-9,0,-0.4
-76.33742918,-9,0,-0.4
-61.20003224,-9,0,-0.4
-46.04890183,-5,16.95594777,0.4
-30.87516128,-5,16.82176567,0.4
-30.95026519,-5,16.78204819,0.4
-46.30457342,-5,16.74247463,0.4
-61.68968448,-9,0,-0.4
-77.0980757,-9,0,-0.4
-77.24155602,-9,0,-0.4
-62.1063247,-9,0,-0.4
-46.95777477,-5,15.68203107,0.4
-31.78685836,-5,15.56599513,0.4
-31.86483999,-5,15.53157247,0.4
-47.22203916,-5,15.49729411,0.4
-62.61000424,-9,0,-0.4
-78.02100097,-9,0,-0.4
-78.16664237,-9,0,-0.4
-63.03356454,0,14.89335769,-0.1
-47.88761242,0,15.18747429,-0.1
-44.17872205,0,15.47666332,-0.1
-40.46331378,0,15.76693816,-0.1
-36.74092358,2.5,16.05567978,-0.1
-33.01110857,2.5,16.33972339,-0.1
-29.27344904,2.5,16.6153224,-0.1
-25.52755049,2.5,16.87814657,-0.1
-21.7730458,2.5,17.1239139,0
-18.0095973,2.5,17.35686946,0
-18.05661764,2.5,17.57504634,0
-18.1038759,2.5,17.79884389,0
-18.15137383,2.5,18.02855931,0
-18.19911319,2.5,18.26452029,0
-18.24709576,2.5,18.50706973,0
-18.29532333,2.5,18.75695712,0
-18.34379772,2.5,19.0135894,0
-18.39252076,2.5,19.27676224,0
-18.4414943,2.5,19.53017106,0
-18.49072019,5,19.76953263,0
-18.54020032,5,19.99153907,0
-18.58993659,5,20.19269702,-0.4
-18.63993093,5,20.36944692,-0.4
-3.411310723,5,20.5183199,-0.4
11.85818229,5,20.48846632,-0.4
27.16954258,-9,0,0.4
42.5207822,-9,0,0.4
42.6281095,-9,0,0.4
27.45700089,-9,0,0.4
12.25167773,5,18.78394796,0
-2.993253579,5,18.57054346,0
-3.001629463,5,18.46882481,0
-3.010052311,5,18.36867918,0
-3.018522519,5,18.26982287,0
-3.027040487,5,18.17065375,0
-3.03560662,5,18.07492216,0
-3.044221326,5,17.97799251,0
-3.05288502,5,17.88419556,0
-3.061598121,5,17.78959279,0
-3.070361052,-2.5,17.91053717,0
-3.079174241,-5,18.08024816,0
-3.088038121,-5,18.25330358,0
-3.096953131,-5,18.42983628,0
-3.105919714,-5,18.60331146,0
-3.114938318,-5,18.76043645,0
-3.124009396,-5,18.89912441,0
-3.133133409,-5,19.01737828,0
-3.142310819,-5,19.11337236,0
-3.151542097,-5,19.1855365,0
-3.160827717,-5,19.23263589,0
-3.170168161,-5,19.25588731,0
-3.179563915,-5,19.27441747,0
-3.189015471,-5,19.29500892,0
-3.198523328,-5,19.31504668,0
-3.208087988,-5,19.33453825,0
-3.217709963,-5,19.35323706,0
-3.227389769,-5,19.3719762,0
-3.237127928,-5,19.39134007,0
-3.246924968,-5,19.41221115,0
-3.256781424,-5,19.43137156,0
-3.266697839,-5,19.45070301,0
-3.27667476,-5,19.47064211,0
-3.286712743,-5,19.48963643,0
-3.296812349,-5,19.50867237,0
-3.306974146,-5,19.52804691,0
-3.31719871,-5,19.54924978,0
-3.327486623,-5,19.56901336,0
-3.337838477,-5,19.58851037,0
-3.348254867,-5,19.60876777,0
-3.3587364,-5,19.62821038,0
-3.369283686,-5,19.64755265,0
-3.379897346,-5,19.66693808,0
-3.390578007,-5,19.68848346,0
-3.401326306,-5,19.70886986,0
-3.412142886,-5,19.72853805,0
-3.423028399,-5,19.74912406,0
-3.433983506,-5,19.76902931,0
-3.445008875,-5,19.78797805,0
-3.456105183,-5,19.78603429,0
-3.467273116,-5,19.75444017,0
-3.47851337,-5,19.69383532,0
-3.489826648,-5,19.60541684,0
-3.501213663,-5,19.49086306,0
-3.512675138,-5,19.35223306,0
-3.524211805,-5,19.19185394,0
-3.535824404,-5,19.01220746,0
-3.547513687,-5,18.81582564,0
-3.559280415,-5,18.60520197,0
-3.57112536,-9,0,0
-3.583049302,-9,0,0
-3.595053034,-9,0,0
-3.607137358,-9,0,0
-3.619303088,-9,0,0
-3.631551047,-9,0,0
-3.643882072,-9,0,0
-3.656297008,-9,0,0
-3.668796715,-9,0,0
-3.681382061,-9,0,0
-3.69405393,-9,0,0
-3.706813214,-9,0,0
-3.719660822,-9,0,0
-3.73259767,-9,0,0
-3.745624692,-9,0,0
-3.758742832,-9,0,0
-3.771953047,-9,0,0
-3.78525631,-9,0,0
-3.798653606,-9,0,0
-3.812145932,-9,0,0
-3.825734304,-9,0,0
-3.839419748,-9,0,0
-3.853203306,-9,0,0
-3.867086036,0,14.03288348,0
-3.881069011,0,14.29324162,0
-3.895153318,0,14.56126189,0
-3.909340062,0,14.8373818,0
-3.923630362,0,15.12207427,0
-3.938025354,0,15.41585104,0
-3.952526191,0,15.71926639,0
-3.967134044,0,16.0329211,0
-3.981850099,0,16.35746662,0
-3.99667556,0,16.69360947,0
-4.011611651,0,17.04211556,0
-4.026659613,0,17.4038144,0
-4.041820704,0,17.77960255,0
-4.057096204,0,18.17044592,0
-4.07248741,0,18.57737976,0
-4.087995639,0,19.00150495,0
-4.103622229,0,19.44397807,0
-4.119368538,0,19.90599169,0
-4.135235944,0,20.38873913,-0.4
-4.151225848,0,20.89335502,-0.4
11.11153487,2.5,21.42081825,-0.4
26.4334729,2.5,21.86376737,-0.4
41.8121673,5,22.1517435,-0.1
57.24097384,5,22.22855252,-0.1
61.25021608,5,22.07765998,-0.1
65.26789416,5,21.86477325,-0.1
69.29303236,5,21.61941131,-0.1
73.32460004,5,21.3424075,-0.1
77.36151846,-9,0,0.4
81.40266836,-9,0,0.4
70.16802351,5,20.37546165,-0.1
55.10303075,5,20.13528527,-0.1
55.28993595,5,20.03264521,-0.1
59.29740829,5,19.93069215,-0.1
63.3139101,5,19.79760402,-0.1
67.33847965,5,19.63422568,-0.1
71.37009598,5,19.44316101,-0.1
75.40768551,5,19.22768449,-0.1
79.45012938,-9,0,0.4
83.49627149,-9,0,0.4
72.26605257,5,18.45956397,-0.1
57.20691612,5,18.26678326,-0.1
57.40127314,5,18.18406715,-0.1
61.4161957,5,18.10168488,-0.1
65.43977265,5,17.99354625,-0.1
69.47099556,5,17.8572459,-0.1
73.50879901,5,17.68337546,-0.1
77.55206775,-9,0,0.4
81.59964459,-9,0,0.4
70.37146439,-9,0,0.4
55.31280274,5,16.78281837,-0.1
40.22662056,5,16.65721688,-0.1
40.37843474,5,16.61066278,-0.1
44.35091949,5,16.55044876,-0.1
48.33596788,5,16.46088005,-0.1
52.33285498,5,16.34882694,-0.1
56.34077493,5,16.21851639,-0.1
60.35884435,5,16.07011613,-0.1
64.38610677,-9,0,0.4
68.42153808,-9,0,0.4
57.18517827,5,15.53067876,-0.1
42.10811551,5,15.39348796,-0.1
42.26963187,5,15.33479182,-0.1
46.25187494,5,15.27631572,-0.1
50.24665267,5,15.19782566,-0.1
54.25318338,5,15.10119008,-0.1
58.27060325,5,14.98011548,-0.1
62.29797034,-9,0,0.4
66.33426962,-9,0,0.4
55.09954449,5,14.4901563,-0.1
40.02212862,5,14.35085187,-0.1
40.1806134,5,14.27218183,-0.1
44.15986188,5,14.18670428,-0.1
48.15236925,-5,14.16534251,0.1
52.15738017,-5,14.1722376,0.1
48.53461518,-5,14.18873862,0.1
44.90232772,-5,14.1792873,0.1
41.25971779,0,14.4210961,0.1
37.60600516,0,14.69740306,0.1
33.94043223,0,14.97937302,0.1
30.2622671,0,15.26552929,0.1
26.57080695,0,15.5540092,0.1
22.86538169,0,15.84266664,0
19.14535788,-2.5,16.13073727,0
19.22986155,-2.5,16.41466122,0
19.3150859,-2.5,16.7082013,0
19.4010398,-2.5,17.01398205,0
19.48773229,-2.5,17.32892564,0
19.5751725,-2.5,17.6561799,0
19.66336975,-2.5,17.99637159,0
19.75233349,-2.5,18.34986592,0
19.84207332,-2.5,18.72023213,0
19.93259898,-2.5,19.10503101,0
20.0239204,-2.5,19.50535615,0
20.11604764,-2.5,19.9155883,0
20.20899093,-2.5,20.33474501,0.4
20.30276066,-2.5,20.76129945,0.4
5.118492868,-2.5,21.19300734,0.4
-10.13594053,-5,21.49193097,0.4
-25.46325487,-5,21.60416034,0.4
-40.86098391,-5,21.50704918,0.4
-56.32138049,-9,0,-0.4
-71.83176716,-9,0,-0.4
-72.09650134,-9,0,-0.4
-57.08315367,-9,0,-0.4
-42.03914081,-9,0,-0.4
-26.94829635,-5,19.12802132,0.4
-11.79723151,-5,18.92278265,0
-11.8551702,-5,18.81439351,0
-11.91367253,-5,18.68547928,0
-11.97274664,-5,18.53789313,0
-12.03240083,-5,18.37360268,0
-12.09264356,-5,18.19461839,0
-12.15348344,-5,18.00293162,0
-12.21492926,-5,17.80046441,0
-12.27698996,-9,0,0
-12.33967469,-9,0,0
-12.40299274,-9,0,0
-12.4669536,-9,0,0
-12.53156696,-9,0,0
-12.59684268,-9,0,0
-12.66279083,-9,0,0
-12.72942167,-9,0,0
-12.79674567,-9,0,0
-12.86477353,-9,0,0
-12.93351613,-9,0,0
-13.00298462,-9,0,0
-13.07319032,-9,0,0
-13.14414484,-9,0,0
-13.21585998,-9,0,0
-13.28834783,-9,0,0
-13.3616207,-9,0,0
-13.43569117,-9,0,0
-13.51057208,-9,0,0
-13.58627655,-9,0,0
-13.66281796,-9,0,0
-13.74021,-9,0,0
-13.81846664,-9,0,0
-13.89760216,-9,0,0
-13.97763112,-9,0,0
-14.05856845,-9,0,0
-14.14042935,-9,0,0
-14.22322938,-9,0,0
-14.30698446,-9,0,0
-14.39171083,-9,0,0
-14.47742512,-9,0,0
-14.5641443,-9,0,0
-14.65188577,-9,0,0
-14.74066727,-9,0,0
-14.83050697,-9,0,0
-14.92142347,-9,0,0
-15.01343577,-9,0,0
-15.10656331,-9,0,0
-15.200826,-9,0,0
-15.2962442,-9,0,0
-15.39283875,-9,0,0
-15.49063098,-9,0,0
-15.58964271,-9,0,0
-15.68989631,-9,0,0
-15.79141465,-9,0,0
-15.89422118,-9,0,0
-15.9983399,-9,0,0
-16.10379538,-9,0,0
-16.21061281,-9,0,0
-16.31881799,-9,0,0
-16.42843735,-9,0,0
-16.53949798,-9,0,0
-16.65202764,-9,0,0
-16.76605479,0,14.20315954,0
-16.8816086,0,14.44526738,0
-16.99871896,0,14.69320311,0
-17.11741656,0,14.94866235,0
-17.23773283,0,15.21236704,0
-17.35970004,0,15.48426624,0
-17.48335127,0,15.76492204,0
-17.60872046,0,16.05434693,0
-17.73584244,0,16.35368265,0
-17.86475295,0,16.66453803,0
-17.99548867,0,16.98686351,0
-18.12808725,0,17.3215619,0
-18.26258734,0,17.66921727,0
-18.39902862,0,18.03103359,0
-18.53745185,0,18.40930302,0
-18.67789886,0,18.80496449,0
-18.82041265,0,19.21962682,0
-18.96503737,0,19.65460531,0
-19.11181839,0,20.11168241,-0.4
-19.26080232,0,20.59502226,-0.4
-4.133162532,0,21.10741966,-0.4
11.11240212,0,21.70742899,-0.4
26.48106085,0,22.36478703,0.4
41.969178,2.5,23.03754561,-0.4
42.28490325,2.5,23.67175075,-0.4
57.88337597,2.5,24.35861699,-0.4
73.56634485,5,24.93811962,-0.1
89.30390271,5,25.34028296,-0.1
93.60183789,5,25.51289548,-0.1
97.89859697,5,25.61946103,-0.1
102.1912071,5,25.66261324,-0.1
106.4767448,5,25.63926602,-0.1
110.7523694,5,25.54792448,-0.1
115.0153551,5,25.39468651,-0.1
119.2631195,5,25.11113988,-0.1
123.4932486,-9,0,0.4
127.7035179,-9,0,0.4
116.6130344,-9,0,0.4
101.7492429,5,23.16937805,-0.1
86.92415039,5,22.85481973,-0.1
87.38716177,5,22.67588251,-0.1
91.67023352,5,22.44872367,-0.1
95.95346588,5,22.15885288,-0.1
100.2339924,-9,0,0.4
104.5089782,-9,0,0.4
93.49677784,5,21.13425154,-0.1
78.67848203,5,20.88435149,-0.1
79.13164288,5,20.78487752,-0.1
83.4059028,5,20.68642548,-0.1
87.68581504,5,20.55288612,-0.1
91.96855021,5,20.38628975,-0.1
96.25124609,5,20.18930341,-0.1
100.5310409,5,19.96486457,-0.1
104.8051066,-9,0,0.4
109.0706814,-9,0,0.4
98.04622558,5,19.15868817,-0.1
83.22224156,5,18.95910114,-0.1
83.67886178,5,18.87928067,-0.1
87.95600826,5,18.80023932,-0.1
92.23577694,5,18.69278741,-0.1
96.51532913,5,18.55807517,-0.1
100.7918287,5,18.39813699,-0.1
105.0624748,5,18.21506749,-0.1
109.3245338,-9,0,0.4
113.5753694,-9,0,0.4
102.5335961,5,17.55055694,-0.1
87.69848289,5,17.3824906,-0.1
88.15284165,5,17.30481433,-0.1
92.42715157,5,17.22712838,-0.1
96.7011228,5,17.12602924,-0.1
100.971964,5,17.0027312,-0.1
105.23692,5,16.85858143,-0.1
109.4933022,5,16.69508613,-0.1
113.7385189,-9,0,0.4
117.9701013,-9,0,0.4
106.9068537,5,16.10833846,-0.1
92.0558889,5,15.95842331,-0.1
92.5027027,5,15.89197964,-0.1
96.76893076,5,15.82598355,-0.1
101.0320488,5,15.7399293,-0.1
105.2893623,5,15.63470603,-0.1
109.5382422,5,15.51131667,-0.1
113.7761532,5,15.37116426,-0.1
118.0006797,-9,0,0.4
122.2095491,-9,0,0.4
111.1217771,5,14.8650705,-0.1
96.25121056,5,14.7348596,-0.1
96.6859494,-2.5,14.7725079,0.4
100.9396349,-2.5,14.95401054,0.4
89.90884517,-2.5,15.14872702,0.4
75.06625753,-5,15.29111532,0.1
60.20975171,-5,15.34985416,0.1
56.77083345,-5,15.31735206,0.1
53.31969186,-5,15.25477678,0.1
49.85497055,0,15.33271326,0.1
46.37530826,0,15.59938284,0.1
42.8793402,0,15.88222512,0.1
39.36569989,0,16.1820169,0.1
35.83302166,0,16.49959102,0.1
32.27994386,0,16.83583311,0.1
28.70511292,0,17.19167401,0.1
25.10718828,0,17.56807534,0.1
21.48484835,0,17.96600459,0
17.83679754,0,18.38639436,0
17.98149316,0,18.83007736,0
18.12847611,0,19.29761836,0
18.27779908,0,19.79172568,0
18.42951633,0,20.31559591,-0.4
18.58368373,0,20.87303856,-0.4
34.01923337,0,21.46864314,0.4
49.57512453,2.5,22.07388307,-0.4
49.95417046,2.5,22.62676247,-0.4
65.61635339,2.5,23.1946909,-0.4
81.35291332,5,23.60647242,-0.1
97.12922245,5,23.77743325,-0.1
101.4476426,5,23.71401383,-0.1
105.7590757,5,23.5986823,-0.1
110.0604689,5,23.43396762,-0.1
114.34889,5,23.22335466,-0.1
118.6215596,5,22.97102034,-0.1
122.8758793,5,22.68175332,-0.1
127.1094553,-9,0,0.4
131.3201171,-9,0,0.4
120.2270567,5,21.64338838,-0.1
105.367556,5,21.39456927,-0.1
105.8345048,5,21.30612543,-0.1
110.1190235,5,21.21854529,-0.1
114.3910682,5,21.09302401,-0.1
118.6479819,5,20.93155938,-0.1
122.8872775,5,20.71758569,-0.1
127.10666,-9,0,0.4
131.3040441,-9,0,0.4
120.1986927,-9,0,0.4
105.3251897,5,19.50273162,-0.1
90.49767218,5,19.326152,-0.1
90.96560455,5,19.25078785,-0.1
95.25312676,5,19.15091649,-0.1
99.53838685,5,18.99881667,-0.1
103.8185096,-9,0,0.4
108.0906798,-9,0,0.4
97.07329898,5,18.29387679,-0.1
82.25516213,5,18.08797513,-0.1
82.71568614,5,17.97091718,-0.1
86.99687701,5,17.83788338,-0.1
91.28136622,-9,0,0.4
95.56627838,-9,0,0.4
84.56985861,5,17.22842361,-0.1
69.7541666,5,17.05260852,-0.1
70.1919079,5,16.95737437,-0.1
74.45179028,5,16.84902111,-0.1
78.72320787,5,16.7065715,-0.1
83.00345365,-9,0,0.4
87.28971903,-9,0,0.4
76.30025079,-9,0,0.4
61.47908717,5,15.94607489,-0.1
46.61577348,5,15.84770488,-0.1
46.96145477,5,15.82282156,-0.1
51.13079397,5,15.78621326,-0.1
55.32489734,5,15.71736543,-0.1
59.54195538,-2.5,15.76161572,0.4
63.77992776,-2.5,15.94818076,0.4
52.75768047,-5,16.14863169,0.1
37.86851036,-5,16.28561697,0.1
34.35132412,-5,16.32452262,0.1
30.81168544,-5,16.32748093,0.1
27.24811536,-5,16.29440563,0.1
23.65914287,-5,16.22625335,0
20.04331142,-5,16.12494074,0
20.21890549,-5,15.99318564,0
20.39747128,-5,15.85325867,0
20.57908132,5,15.71960158,0
20.76381039,5,15.8178894,0
20.95173559,5,15.91251278,0
21.14293644,5,15.99681494,0
21.33749497,5,16.0701164,0
21.53549579,5,16.13182519,0
21.73702624,5,16.18142447,0
21.9421764,5,16.21848622,0
22.15103928,5,16.24268306,0
22.36371089,5,16.25379773,0
22.58029033,5,16.25172948,0
22.80087996,-5,16.37440493,0
23.02558547,-5,16.49358387,0
23.25451602,-5,16.60180352,0
23.4877844,-5,16.69814478,0
23.72550711,-5,16.78174257,0
23.96780455,-5,16.85180872,0
24.21480113,-5,16.90765465,0
24.46662544,-5,16.94871266,0
24.7234104,-5,16.97455434,0
24.98529341,-5,16.98490521,0
25.25241655,-5,16.97965425,0.1
25.52492671,-5,16.95885786,0.1
21.98325718,-5,16.92273784,0
18.40763268,-5,16.84793085,0
18.61578753,-5,16.73671965,0
18.8285314,-5,16.61392291,0
19.04601167,-5,16.48057557,0
19.26838182,-5,16.33772484,0
19.49580171,-5,16.18641885,0
19.72843791,-5,16.03374311,0
19.96646402,-5,15.88365059,0
20.21006106,-5,15.73607864,0
20.45941779,-5,15.59079891,0
20.71473114,-5,15.44814907,0
20.97620661,-5,15.30779606,0
21.24405873,-5,15.17368905,0
21.51851149,-5,15.04328071,0
21.79979885,-5,14.9149286,0
22.08816524,-5,14.78843064,0
22.38386612,-5,14.66370731,0
22.68716857,-5,14.54068512,0
22.99835183,-5,14.41944895,0
23.31770801,-5,14.29992497,0
23.64554273,-5,14.18203282,0
23.98217583,-5,14.0656047,0
24.32794212,-9,0,0
24.68319215,-2.5,14.04145442,0
25.04829306,-5,14.17049212,0.1
25.42362943,-5,14.29506669,0.1
21.98988555,-5,14.41467039,0
18.5117787,-5,14.51160413,0
18.80587629,-5,14.58380987,0
19.10911519,-5,14.64810825,0
19.42191054,-5,14.70500235,0
19.74470175,-5,14.75877938,0
20.07795426,-5,14.81288161,0
20.4221613,-5,14.86715289,0
20.77784593,-5,14.92182791,0
21.14556312,-5,14.97687777,0
21.52590207,-5,15.03202507,0
21.91948868,-5,15.07978407,0
22.32698818,-5,15.1179019,0
22.74910807,-5,15.14611866,0
23.18660116,-5,15.16423848,0
23.64026893,-5,15.17213404,0
24.11096509,-5,15.16974945,0
24.59959946,-5,15.15710162,0
25.10714207,-5,15.13427982,0.1
25.63462762,-5,15.10144363,0.1
22.36344154,-5,15.05881924,0
19.03619289,-5,14.98767131,0
19.46755948,-5,14.88968857,0
19.91811851,-5,14.78444818,0
20.38912037,-5,14.67251811,0
20.88192042,-5,14.55446721,0
21.39798953,-5,14.43085813,0
21.93892563,-5,14.30224133,0
22.50646664,-5,14.16915012,0
23.10250476,-9,0,0
23.7291023,-9,0,0
24.38850923,-9,0,0
25.08318251,-9,0,0.4
25.81580742,-9,0,0.4
11.31044644,-9,0,0
-3.609158296,-9,0,0
-3.72827259,-9,0,0
-3.855505289,-9,0,0
-3.991714265,-9,0,0
-4.137882448,-9,0,0
-4.295141439,-9,0,0
-4.464800659,-9,0,0
-4.648383625,-9,0,0
-4.847673461,-9,0,0
-5.064770502,-9,0,0
-5.302165899,-9,0,0
-5.562836654,-9,0,0
-5.850369685,-9,0,0
-6.169125808,-9,0,0
-6.52445937,-9,0,0
-6.923016783,-9,0,0
105.6416374,-9,0,0.4
105.7793865,-9,0,0.4
90.63807405,-9,0,0.4
75.50213527,-9,0,0.4
60.36173964,-9,0,0.4
45.20733818,-9,0,0.4
30.03027326,-9,0,0.4
14.82335143,-9,0,0
-0.418650607,-9,0,0
-0.419706338,-9,0,0
-0.420767408,-9,0,0
-0.421833856,-9,0,0
-0.422905724,-9,0,0
-0.423983052,-9,0,0
-0.425065883,-9,0,0
-0.42615426,-9,0,0
-0.427248224,-2.5,13.9888129,0
-0.428347819,-2.5,14.17970084,0
-0.429453088,-2.5,14.37080328,0
-0.430564077,-2.5,14.56175511,0
-0.431680828,-2.5,14.75214074,0
-0.432803387,-2.5,14.94148981,0
-0.433931799,-2.5,15.12927328,0
-0.435066111,-2.5,15.31489982,0
-0.436206368,-2.5,15.49771299,0
-0.437352618,-2.5,15.6769894,0
-0.438504908,-2.5,15.85193821,0
-0.439663286,-2.5,16.02170255,0
-0.440827799,-5,16.18536305,0
-0.441998498,-5,16.34194412,0
-0.443175432,-5,16.49042333,0
-0.444358649,-5,16.62974418,0
-0.445548202,-5,16.75883243,0
-0.44674414,-5,16.87661597,0
-0.447946516,-5,16.98204795,0
-0.449155381,-5,17.07413242,0
-0.450370789,-5,17.1519516,0
-0.451592792,-5,17.21469344,0
-0.452821444,-5,17.261678,0
-0.4540568,-5,17.29238087,0
-0.455298914,-5,17.30645218,0
-0.456547843,-5,17.30372964,0
-0.457803643,-5,17.28424474,0
-0.45906637,-5,17.24822155,0
-0.460336082,-5,17.19606822,0
-0.461612837,-5,17.12836186,0
-0.462896694,-5,17.04582792,0
-0.464187711,-5,16.94931569,0
-0.465485951,-5,16.83977128,0
-0.466791472,-5,16.71821008,0
-0.468104336,-5,16.58568981,0
-0.469424607,-5,16.44328566,0
-0.470752345,-5,16.29206812,0
-0.472087616,0,16.33015386,0
-0.473430483,0,16.66428655,0
-0.474781011,0,17.01178771,0
-0.476139266,0,17.37377172,0
-0.477505315,0,17.7515109,0
-0.478879225,0,18.14643267,0
-0.480261063,0,18.56016784,0
-0.481650899,0,18.99459118,0
-0.483048802,0,19.45187251,0
-0.484454843,0,19.93458755,0
-0.485869093,0,20.44568487,-0.4
-0.487291625,0,20.98866769,-0.4
14.79015203,2.5,21.56786839,-0.4
30.11209851,2.5,22.11647908,-0.4
45.47583718,5,22.5835962,-0.1
60.87556181,5,22.9171141,-0.1
64.84356795,5,23.07676434,-0.1
68.817129,5,23.1518943,-0.1
72.79549633,5,23.11836738,-0.1
76.77788916,5,23.02341836,-0.1
80.7634995,5,22.88264744,-0.1
84.75149739,5,22.69656861,-0.1
88.74103649,5,22.47152144,-0.1
92.73125982,5,22.20910775,-0.1
96.72130567,-9,0,0.4
100.7103136,-9,0,0.4
89.41855564,5,21.44330003,-0.1
74.3100426,2.5,21.64016568,-0.4
74.47419604,5,21.99730004,-0.1
89.91748574,5,22.3687677,-0.1
93.90784608,5,22.5872116,-0.1
97.89777454,5,22.76573904,-0.1
101.8864116,5,22.90046051,-0.1
105.8729066,5,22.98838153,-0.1
109.8564236,5,23.02829422,-0.1
113.8361472,5,23.01944895,-0.1
117.8112876,5,22.96298195,-0.1
121.7810856,5,22.85721433,-0.1
125.7448178,5,22.70565136,-0.1
129.7018002,5,22.51172859,-0.1
133.6513925,5,22.27954619,-0.1
137.5930009,-9,0,0.4
141.5260814,0,22.29649822,0.4
130.1712673,0,23.00334567,0.4
115.0203009,0,23.75582356,0.4
99.89292306,-2.5,24.501731,0.4
84.77866514,-5,25.17345701,0.1
69.66624203,-5,25.69329774,0.1
66.00341106,-5,25.98430829,0.1
62.33672656,-5,26.22531075,0.1
58.66557325,0,26.87308144,0.4
54.98934662,0,28.01516836,0.4
39.84829873,-2.5,29.29371586,0.4
24.67749243,-5,30.53855861,0.4
9.46922273,-5,31.58302587,0.4
-5.781749102,-5,32.25388268,0.4
-21.0777598,-5,32.38681385,0.4
-36.41797952,-9,0,-0.4
-51.79836345,-9,0,-0.4
-51.93297894,-2.5,30.65405966,0.4
-36.78921711,-2.5,31.17213563,0.4
-36.89224107,-2.5,32.22972986,0.4
-52.27463554,-5,33.43604465,0.4
-67.6901561,-5,34.16086962,0.4
-83.1290424,-5,34.21684918,0.4
-98.57969472,-5,33.58244925,0.4
-114.0295756,-9,0,-0.4
-129.4662094,-9,0,-0.4
-129.5993005,-9,0,-0.4
-114.4530075,-9,0,-0.4
-99.33057106,-9,0,-0.4
-84.22119282,-5,26.81054973,0.4
-69.1132651,-5,26.53673825,0.4
-69.27396547,-5,26.55780549,0.4
-84.71388219,-5,26.57961361,0.4
-100.1642566,-5,26.31353912,0.4
-115.6125699,-9,0,-0.4
-131.0464679,-9,0,-0.4
-131.175868,-9,0,-0.4
-116.0258843,-9,0,-0.4
-100.9006831,-5,23.08531814,0.4
-85.78964238,-5,22.72829652,0.4
-85.96013548,-5,22.5558158,0.4
-101.4095748,-9,0,-0.4
-116.8559603,-9,0,-0.4
-117.0082115,-5,21.81168629,0.4
-101.8811768,-5,21.77078657,0.4
-102.0478493,-5,21.90010922,0.4
-117.4931896,-5,22.03178963,0.4
-132.9228487,-5,21.98925162,0.4
-148.3259444,-9,0,-0.4
-163.6936695,-9,0,-0.4
-163.7410451,-9,0,-0.4
-148.5092791,-9,0,-0.4
-133.3180759,-5,20.22454347,0.4
-118.161067,-5,20.0174553,0.4
-118.3085351,-5,19.91832746,0.4
-133.73447,-5,19.81104366,0.4
-149.1337942,-9,0,-0.4
-164.4979787,-9,0,-0.4
-164.5422981,-9,0,-0.4
-149.3074964,-9,0,-0.4
-134.1128175,-5,18.18418402,0.4
-118.9521353,-5,17.99194632,0.4
-119.0959814,-5,17.90584815,0.4
-134.5183012,-5,17.82078969,0.4
-149.9139923,-9,0,-0.4
-165.2747928,-9,0,-0.4
-165.3162191,-9,0,-0.4
-150.0785434,-9,0,-0.4
-134.8805421,-5,16.50310852,0.4
-119.7163216,-5,16.34455577,0.4
-119.8566537,-5,16.27317816,0.4
-135.2754669,-5,16.20254894,0.4
-150.6676595,-9,0,-0.4
-166.0252267,-9,0,-0.4
-166.0639147,-9,0,-0.4
-150.8235187,-9,0,-0.4
-135.6223424,-5,15.0953138,0.4
-120.4547149,-5,14.95746019,0.4
-120.5916398,-5,14.88500382,0.4
-136.0070535,-9,0,-0.4
-151.3958787,-9,0,-0.4
-151.4714823,-9,0,-0.4
-136.267846,-9,0,-0.4
-121.0976578,-5,14.06476408,0.4
-105.9532204,-9,0,-0.4
-106.1040597,-9,0,-0.4
-90.9757954,-9,0,-0.4
-75.85365194,-9,0,-0.4
-60.72687875,-9,0,-0.4
-45.58501435,-2.5,14.07814653,0.1
-30.41854719,-2.5,14.26154241,0.1
-30.49841446,-2.5,14.49204261,0.1
-34.39838018,-2.5,14.72617168,0.1
-38.30763025,-2.5,14.95216825,0.1
-42.22580065,-2.5,15.16691635,0.1
-46.15247631,-2.5,15.36703168,0.1
-50.08719232,-2.5,15.54894669,0.1
-54.02943565,-5,15.70903534,0.4
-57.9786473,-5,15.84377655,0.4
-73.39338081,-5,15.95435863,0.4
-88.82593331,-5,15.98067739,0.4
-104.2651497,-5,15.92006948,0.4
-119.699347,-9,0,-0.4
-135.11724,-9,0,-0.4
-135.2299517,-9,0,-0.4
-120.0633437,-9,0,-0.4
-104.9222415,-5,14.87050921,0.4
-89.79707556,-5,14.7451035,0.4
-89.9561487,-5,14.69250671,0.4
-105.3940971,-5,14.64022859,0.4
-120.8262248,-9,0,-0.4
-136.2414048,-9,0,-0.4
-136.3509664,-9,0,-0.4
-121.181216,-9,0,-0.4
-106.0374047,-9,0,-0.4
-90.91014041,-9,0,-0.4
-75.78898806,-9,0,-0.4
-60.66313129,-9,0,-0.4
-45.52204714,-9,0,-0.4
-30.3561705,-9,0,-0.4
-15.15752164,-9,0,0
0.079733928,0,14.12259063,0
0.07995605,0,14.37581249,0
0.080179413,0,14.63561608,0
0.080404028,0,14.90227716,0
0.080629905,0,15.17607926,0
0.080857054,0,15.45731162,0
0.081085487,0,15.7462663,0
0.081315214,0,16.04323415,0
0.081546246,0,16.34849913,0
0.081778595,0,16.66233073,0
0.082012272,0,16.9849736,0
0.082247289,0,17.31663376,0
0.082483656,0,17.65746022,0
0.082721385,-2.5,18.00787226,0
0.082960489,-2.5,18.3718815,0
0.083200979,-2.5,18.75151953,0
0.083442867,-2.5,19.14887137,0
0.083686166,-2.5,19.56503061,0
0.083930888,-2.5,20.00199808,0.4
0.084177046,-2.5,20.46233579,0.4
-15.19444989,-2.5,20.94843214,0.4
-30.51762239,-5,21.36228101,0.4
-45.88254163,-5,21.6607531,0.4
-61.28331382,-5,21.80921359,0.4
-76.7113108,-5,21.7888877,0.4
-92.15578059,-9,0,-0.4
-107.6046662,-9,0,-0.4
-107.7666835,-9,0,-0.4
-92.64953322,-9,0,-0.4
-77.54027684,-5,19.96478864,0.4
-62.42730823,-5,19.7096397,0.4
-62.5781249,-5,19.55794531,0.4
-78.00822919,-9,0,-0.4
-93.45386103,-9,0,-0.4
-93.6239977,-9,0,-0.4
-78.51519586,-9,0,-0.4
-63.40342094,-5,18.03770846,0.4
-48.27721936,-5,17.82545899,0.4
-48.40490849,-5,17.69927119,0.4
-63.81197938,-9,0,-0.4
-79.2448795,-9,0,-0.4
-79.41360278,-9,0,-0.4
-64.30363745,-9,0,-0.4
-49.17980432,-5,16.46740622,0.4
-34.03139222,-5,16.29872137,0.4
-34.12811356,-5,16.20441898,0.4
-49.50419365,-9,0,-0.4
-64.91508176,-9,0,-0.4
-65.07250819,0,15.74113529,-0.1
-49.95146317,2.5,16.02949054,-0.1
-46.26523493,2.5,16.27082407,-0.1
-42.57178195,2.5,16.4950229,-0.1
-38.8705503,5,16.69750947,-0.4
-35.1610073,5,16.87360498,-0.4
-19.98348791,5,17.01877612,0
-4.764935918,5,17.0556712,0
-4.779643488,5,16.97895385,0
-4.794441921,5,16.88826762,0
-4.809332058,5,16.78449765,0
-4.824314753,5,16.66860471,0
-4.839390869,5,16.54159938,0
-4.854561281,5,16.40451767,0
-4.869826874,5,16.258399,0
-4.885188544,5,16.10426716,0
-4.900647199,-9,0,0
-4.916203758,-9,0,0
-4.931859152,-9,0,0
-4.947614324,-9,0,0
-4.963470227,-9,0,0
-4.979427829,-9,0,0
-4.995488108,-9,0,0
-5.011652057,-5,14.79555265,0
-5.02792068,-5,14.72966344,0
-5.044294994,-5,14.65561496,0
-5.060776029,-5,14.57383467,0
-5.07736483,-5,14.48477502,0
-5.094062455,-5,14.38890626,0
-5.110869975,-5,14.28670953,0
-5.127788475,-5,14.17867041,0
-5.144819055,-5,14.06527312,0
-5.16196283,-9,0,0
-5.17922093,-9,0,0
-5.196594497,-9,0,0
-5.214084692,-9,0,0
-5.23169269,-9,0,0
-5.249419681,0,14.05624792,0
-5.267266873,0,14.32134318,0
-5.285235488,0,14.59475071,0
-5.303326767,0,14.87710173,0
-5.321541966,0,15.16891437,0
-5.33988236,0,15.47083121,0
-5.358349238,0,15.78370368,0
-5.376943911,0,16.10822334,0
-5.395667706,0,16.4453028,0
-5.414521968,0,16.79608099,0
-5.433508062,0,17.16156604,0
-5.452627371,0,17.54307957,0
-5.471881297,0,17.94221635,0
-5.491271263,0,18.36050559,0
-5.510798712,0,18.79994929,0
-5.530465105,0,19.26291388,0
-5.550271928,0,19.75184644,0
-5.570220684,0,20.2699683,-0.4
-5.5903129,0,20.82106867,-0.4
9.668324413,0,21.40936504,-0.4
24.9822134,2.5,21.99718277,-0.4
40.34943156,2.5,22.5354327,-0.4
55.7641155,5,22.9702652,-0.1
71.21676284,5,23.25166066,-0.1
75.23571489,5,23.34290904,-0.1
79.25911541,5,23.38409,-0.1
83.28592085,5,23.37374296,-0.1
87.31506229,5,23.31289892,-0.1
91.34545329,5,23.20210181,-0.1
95.37599802,5,23.04426027,-0.1
99.40559949,5,22.84205562,-0.1
103.4331678,5,22.60015256,-0.1
107.4576283,-9,0,0.4
111.4779296,-9,0,0.4
100.2141766,5,21.67860403,-0.1
85.14182304,5,21.46658521,-0.1
85.35097935,5,21.41736238,-0.1
89.37997855,5,21.36874221,-0.1
93.4096632,5,21.28004474,-0.1
97.43894136,5,21.15331735,-0.1
101.4667242,5,20.99034975,-0.1
105.4919339,5,20.7943122,-0.1
109.5135122,5,20.56803627,-0.1
113.5304276,-9,0,0.4
117.5416828,-9,0,0.4
106.2674473,5,19.7424009,-0.1
91.18857303,5,19.54158256,-0.1
91.39685244,5,19.46975449,-0.1
95.42481356,5,19.39765483,-0.1
99.451831,5,19.2763065,-0.1
103.4768303,-9,0,0.4
107.498752,-9,0,0.4
96.23768517,5,18.6300544,-0.1
81.16519908,5,18.44059327,-0.1
81.37046627,5,18.34383721,-0.1
85.39567555,5,18.22834529,-0.1
89.42262604,-9,0,0.4
93.45024315,-9,0,0.4
82.19857275,5,17.64496646,-0.1
67.12573674,5,17.47647432,-0.1
67.31761544,5,17.39258782,-0.1
71.32975142,5,17.29349112,-0.1
75.34727199,5,17.15674521,-0.1
79.36917439,-9,0,0.4
83.3944236,-9,0,0.4
72.14308523,-9,0,0.4
57.06356053,5,16.39371106,-0.1
41.96081233,5,16.29850168,-0.1
42.10150908,5,16.28025032,-0.1
46.06269334,5,16.24887261,-0.1
50.03474331,5,16.18261667,-0.1
54.01697978,5,16.08333733,-0.1
58.00865579,-9,0,0.4
62.0089601,-9,0,0.4
50.73814686,5,15.61665885,-0.1
35.62480657,5,15.48527982,-0.1
35.74971602,5,15.42353877,-0.1
39.69510525,5,15.35192707,-0.1
43.65260563,5,15.25182846,-0.1
47.62163964,-9,0,0.4
51.6015557,-9,0,0.4
40.31275581,5,14.80636872,-0.1
25.17491914,5,14.68195304,-0.1
25.26797337,5,14.62849963,-0.1
29.18139103,5,14.57537316,-0.1
33.10849726,5,14.50455408,-0.1
37.04890943,5,14.41681392,-0.1
41.00216571,5,14.31301867,-0.1
44.96772525,-9,0,0.4
48.94496905,-9,0,0.4
37.65432712,-9,0,0.4
22.51239186,-9,0,0
7.319656118,-9,0,0
7.348430962,-9,0,0
7.37743168,-9,0,0
7.406660927,-9,0,0
7.4361214,-9,0,0
7.465815837,-9,0,0
7.495747022,0,14.01351834,0
7.525917779,0,14.26863748,0
7.55633098,0,14.5314699,0
7.586989541,0,14.80249608,0
7.617896426,0,15.08224283,0
7.649054647,0,15.37131553,0
7.680467262,0,15.67035566,0
7.712137381,0,15.98004942,0
7.744068164,0,16.30118324,0
7.776262821,0,16.63465982,0
7.808724618,0,16.98146697,0
7.841456871,0,17.34275685,0
7.874462954,0,17.71971478,0
7.907746294,0,18.11376013,0
7.941310377,0,18.5265141,0
7.975158747,0,18.95981166,0
8.009295007,0,19.41592996,0
8.043722821,0,19.89731394,0
8.078445915,0,20.40692498,-0.4
8.113468079,0,20.94827717,-0.4
23.4276677,2.5,21.52557418,-0.4
38.80645758,2.5,22.07321725,-0.4
54.2433605,5,22.53996449,-0.1
69.72739329,5,22.87548357,-0.1
73.78462435,5,23.03852792,-0.1
77.84776552,5,23.15511731,-0.1
81.9155396,5,23.22313502,-0.1
85.98663202,5,23.24125167,-0.1
90.05970121,5,23.2094099,-0.1
94.13338941,5,23.127627,-0.1
98.20633377,5,22.99772431,-0.1
102.2771776,5,22.82266656,-0.1
106.3445812,5,22.60583436,-0.1
110.4072332,-9,0,0.4
114.4638602,-9,0,0.4
103.2343625,-9,0,0.4
88.20084748,5,21.42109046,-0.1
73.17393467,5,21.2692512,-0.1
73.41553382,5,21.23677375,-0.1
77.47745994,5,21.16346823,-0.1
81.54412112,5,21.01352158,-0.1
85.61421037,5,20.80536147,-0.1
89.68639286,-9,0,0.4
93.75931667,-9,0,0.4
82.55274925,5,20.01700184,-0.1
67.52501397,5,19.83048992,-0.1
67.75944665,5,19.77824717,-0.1
71.81438506,5,19.72631573,-0.1
75.87586878,5,19.64317653,-0.1
79.94263597,5,19.52696148,-0.1
84.01338232,5,19.38109328,-0.1
88.08677116,5,19.20761415,-0.1
92.16144422,5,19.0089822,-0.1
96.23603268,-9,0,0.4
100.3091684,-9,0,0.4
89.10062063,5,18.28880726,-0.1
74.07645023,5,18.11112027,-0.1
74.32170806,5,18.04082546,-0.1
78.38727527,5,17.97098494,-0.1
82.45733832,5,17.87492867,-0.1
86.53056745,5,17.7436745,-0.1
90.605607,-9,0,0.4
94.68108646,-9,0,0.4
83.47675713,5,17.14216336,-0.1
68.45203306,5,16.96883022,-0.1
68.69035006,5,16.87544973,-0.1
72.74916156,5,16.76914896,-0.1
76.81429849,-9,0,0.4
80.88447431,-9,0,0.4
69.67948709,5,16.26338548,-0.1
54.64238661,5,16.11982142,-0.1
54.85320028,5,16.05035753,-0.1
58.88483046,5,15.96960791,-0.1
62.92694377,5,15.85782475,-0.1
66.97844264,-9,0,0.4
71.03815693,-9,0,0.4
59.82597718,5,15.36687175,-0.1
44.77338169,-2.5,15.50016265,0.4
44.95832834,-2.5,15.67980523,0.4
29.86560395,-5,15.86243695,0.1
14.71844249,-5,15.97019096,0
10.96622687,-5,15.99216517,0
11.01699979,-5,15.98187848,0
11.06823916,-5,15.95926628,0
11.11995136,-5,15.92451993,0
11.17214286,-5,15.877929,0
11.22482029,-5,15.8198734,0
11.27799036,-5,15.75337621,0
11.33165993,-5,15.6845038,0
11.38583597,-5,15.61783738,0
11.4405256,-5,15.55057758,0
11.49573603,-5,15.4832834,0
11.55147466,-5,15.41753615,0
11.60774898,-5,15.35242636,0
11.66456665,-5,15.28666779,0
11.72193545,-5,15.22165778,0
11.77986334,-5,15.15634894,0
11.8383584,-5,15.08261559,0
11.89742888,-5,15.00021324,0
11.95708319,-5,14.90964989,0
12.01732989,-5,14.81145812,0
12.07817772,-5,14.70618621,0
12.13963557,-5,14.59438996,0
12.20171254,-5,14.47662508,0
12.26441786,-5,14.35344064,0
12.32776097,-5,14.22537336,0
12.39175151,-9,0,0
12.45639928,0,13.98846023,0
12.52171429,0,14.22889802,0
12.58770676,0,14.47466087,0
12.65438711,0,14.72587654,0
12.72176595,0,14.98266072,0
12.78985414,0,15.2451122,0
12.85866274,2.5,15.51330695,0
12.92820304,2.5,15.78729061,0
12.99848658,2.5,16.06706928,0
13.0695251,2.5,16.352598,0
13.14133063,2.5,16.64376666,0
13.21391542,2.5,16.94038265,0
13.28729199,2.5,17.24214975,0
13.36147312,2.5,17.54864267,0
13.43647186,2.5,17.85927656,0
13.51230155,2.5,18.17327106,0
13.58897581,2.5,18.48960863,0
13.66650853,2.5,18.8069875,0
13.74491394,2.5,19.12377021,0
13.82420654,2.5,19.43793007,0
13.90440118,2.5,19.74699987,0
13.98551302,2.5,20.04802917,-0.4
14.06755755,2.5,20.33755979,-0.4
29.42942515,5,20.6118852,-0.1
44.87694273,5,20.74889664,-0.1
48.93986551,5,20.73706515,-0.1
53.02051122,5,20.68706011,-0.1
57.11767521,5,20.6012201,-0.1
61.23001599,5,20.47879208,-0.1
65.35606212,5,20.32491734,-0.1
69.49422126,5,20.13776375,-0.1
73.64279135,-9,0,0.4
77.79997389,-9,0,0.4
66.68501459,5,19.368196,-0.1
51.73031734,5,19.14169429,-0.1
52.00851897,5,19.01362281,-0.1
56.10856546,5,18.86507496,-0.1
60.22457084,-9,0,0.4
64.35505476,-9,0,0.4
53.21953379,5,18.17472752,-0.1
38.22927288,5,17.97337419,-0.1
38.45336332,5,17.85995446,-0.1
42.4994017,5,17.91682069,-0.1
46.56613962,5,18.04526873,-0.1
50.65254105,5,18.12971126,-0.1
54.75741243,5,18.16710457,-0.1
58.879406,5,18.15605513,-0.1
63.01702563,5,18.0969777,-0.1
67.16863519,5,17.9920477,-0.1
71.33246937,5,17.84495912,-0.1
75.5066471,-9,0,0.4
79.6891871,-9,0,0.4
68.59915113,5,17.20217568,-0.1
53.6704166,5,17.02529582,-0.1
53.9745649,5,16.94236984,-0.1
58.10079833,5,16.86117995,-0.1
62.24339977,5,16.75664391,-0.1
66.4007135,5,16.6312731,-0.1
70.57094687,5,16.48697548,-0.1
74.75218368,-9,0,0.4
78.94240004,-9,0,0.4
67.86060795,5,15.95224304,-0.1
52.93878193,0,15.8879568,0.1
53.2476306,0,16.21878292,0.1
49.73926738,0,16.56270957,0.1
46.21739311,0,16.92013446,0.1
42.68079225,0,17.2902911,0.1
39.1282559,0,17.6719523,0.1
35.55858471,0,18.06327813,0.1
31.97059233,0,18.46162836,0.1
28.36310956,-2.5,18.86334048,0.4
24.73498918,-2.5,19.26348443,0
9.625955791,-2.5,19.65562152,0
9.694307297,-2.5,19.95217919,0
9.763626958,-2.5,20.23732943,0.4
9.833935285,-5,20.50723993,0.4
-5.373621173,-5,20.75765376,0.4
-20.69188692,-5,20.83446777,0.4
-36.12041239,-5,20.7230517,0.4
-51.65044869,-9,0,-0.4
-67.26500866,-9,0,-0.4
-67.66092463,-9,0,-0.4
-52.7802273,-9,0,-0.4
-37.84571503,-9,0,-0.4
-22.83374667,-5,18.48676781,0
-7.724877138,-5,18.29205943,0
-7.784213266,-5,18.18851333,0
-7.844462246,5,18.12979501,0
-7.90564517,5,18.14744146,0
-7.967783782,5,18.14471382,0
-8.0309005,5,18.12165036,0
-8.095018445,5,18.0785724,0
-8.160161466,5,18.01606958,0
-8.226354171,5,17.9349736,0
-8.293621957,5,17.83705718,0
-8.361991039,5,17.73394544,0
-8.431488487,5,17.63348595,0
-8.502142257,5,17.53470387,0
-8.57398123,5,17.43525784,0
-8.647035249,5,17.33849977,0
-8.721335159,5,17.24116884,0
-8.796912849,5,17.14302834,0
-8.873801298,5,17.03201545,0
-8.952034619,5,16.90839784,0
-9.031648108,5,16.77330153,0
-9.112678298,5,16.62787251,0
-9.19516301,5,16.47325208,0
-9.279141411,5,16.31055593,0
-9.364654075,-9,0,0
-9.451743042,-9,0,0
-9.540451891,-9,0,0
-9.630825802,-9,0,0
-9.722911639,-9,0,0
-9.816758018,-9,0,0
-9.912415397,-9,0,0
-10.00993616,-9,0,0
-10.10937471,-9,0,0
-10.21078756,-9,0,0
-10.31423344,-9,0,0
-10.41977341,-9,0,0
-10.52747097,-9,0,0
-10.63739219,-9,0,0
-10.7496058,-9,0,0
-10.8641834,-9,0,0
-10.98119953,-9,0,0
-11.10073188,-9,0,0
-11.2228614,-9,0,0
-11.34767253,-9,0,0
-11.47525334,-9,0,0
-11.60569576,-9,0,0
-11.73909575,-9,0,0
-11.87555355,-9,0,0
-12.01517393,-9,0,0
-12.1580664,-9,0,0
-12.3043455,-9,0,0
-12.45413109,-9,0,0
-12.60754868,-9,0,0
-12.7647297,-9,0,0
-12.92581189,-9,0,0
-13.09093967,-9,0,0
-13.26026455,-9,0,0
-13.43394552,-9,0,0
-13.61214955,-9,0,0
-13.79505207,-9,0,0
-13.98283752,-9,0,0
-14.17569986,-9,0,0
-14.37384326,-9,0,0
-14.57748269,-9,0,0
-14.78684468,-9,0,0
-15.00216805,-9,0,0
-15.22370475,-9,0,0
-15.45172072,-9,0,0
-15.68649688,-9,0,0
-15.92833015,-9,0,0
-16.17753455,-9,0,0
-16.43444244,-9,0,0
-16.6994058,-9,0,0
-16.97279765,-9,0,0
-17.25501359,-9,0,0
-17.54647347,-9,0,0
-17.84762316,-9,0,0
-18.15893655,-9,0,0
-18.48091766,-9,0,0
-18.81410294,-9,0,0
-19.15906381,-9,0,0
-19.51640938,-9,0,0
-19.88678943,-9,0,0
-20.27089765,0,14.16593588,0
-20.66947519,0,14.4230291,0
-21.08331446,0,14.68709411,0
-21.51326338,0,14.95845545,0
-21.96022992,0,15.2374526,0
-22.42518702,0,15.52443923,0
-22.9091781,0,15.81978164,0
-23.41332285,0,16.12385639,0
-23.93882369,0,16.43704656,0
-24.48697268,0,16.7597363,0
-25.05915906,0,17.09230302,-0.1
-25.6568774,0,17.43510633,-0.1
-22.46201773,2.5,17.78847273,0
-19.20679789,2.5,18.13837061,0
-19.70496523,2.5,18.47953893,0
-20.22855381,2.5,18.82588321,0
-20.77946589,2.5,19.1763159,0
-21.35978727,2.5,19.5293778,0
-21.97180827,2.5,19.88315597,0
-22.61804733,2.5,20.23519406,-0.4
-23.30127757,2.5,20.58240093,-0.4
-8.74568205,5,20.92096831,-0.4
6.246131783,5,21.10135858,-0.4
21.737369,5,21.08968428,-0.4
37.7627011,-9,0,0.4
54.31093506,-9,0,0.4
56.03007912,-9,0,0.4
42.5427605,-9,0,0.4
28.7656507,5,19.44726506,-0.1
14.59295485,5,19.27921477,0
15.19543479,5,19.23406455,0
15.84847752,5,19.19230394,0
16.55853378,5,19.14781331,0
17.33316097,5,19.08156899,0
18.18126048,5,18.99145973,0
19.11337519,5,18.87895941,0
20.14206432,5,18.74581048,0
21.2823774,5,18.59394251,0
22.55245553,5,18.4253917,0
23.97429489,5,18.24222725,0
25.57471423,5,18.04648841,-0.1
27.3865728,-9,0,0.4
33.26999905,-9,0,0.4
24.44197256,5,17.42825421,0
11.30952387,5,17.28439485,0
12.42552262,5,17.24091113,0
13.78116997,5,17.19690182,0
15.46079264,5,17.15372317,0
17.59201949,5,17.11002551,0
20.37608524,5,17.06740448,0
24.14531785,5,17.02339022,0
29.47593937,5,16.97891494,-0.1
37.4060044,5,16.92383583,-0.1
53.58528518,0,16.97784082,0.1
77.13089949,0,17.34998815,0.1
97.587069,0,17.74180081,0.1
115.3700725,0,18.14895056,0.1
127.6974193,0,18.57105194,0.1
135.4606952,0,19.00745369,0.1
140.2123319,0,19.45699876,0.1
143.0599746,0,19.91845637,0.1
144.6799343,0,20.39025461,0.4
145.4794964,0,20.8704169,0.4
134.2511554,-2.5,21.35655465,0.4
123.6678637,-5,21.75638225,0.1
113.5004349,-5,22.02618614,0.1
115.0593262,-2.5,22.37792881,0.4
116.3113643,-2.5,22.79203909,0.4
105.825636,-5,23.18336262,0.1
95.54509721,-5,23.40412323,0.1
96.83140715,-5,23.42493177,0.1
98.03213974,-5,23.39527077,0.1
99.13974778,-5,23.31698207,0.1
100.148785,-5,23.18798777,0.1
101.055771,-5,23.01313503,0.1
101.8589955,-5,22.79587452,0.1
102.5582858,-5,22.53861,0.1
103.1547611,-2.5,22.30834935,0.4
103.6505893,-2.5,22.78225099,0.4
92.58960221,-2.5,23.25834926,0.4
81.61996538,-5,23.73168938,0.1
70.64380361,-5,24.04540659,0.1
71.02171751,-5,24.14469029,0.1
71.50619029,-5,24.19437012,0.1
72.1015777,-5,24.18462701,0.1
72.81146568,-5,24.11964731,0.1
73.63839139,-5,24.00207142,0.1
